0.000000000,0.000000000,0.000000000,0.000000000,0.000000000,0.000000000
0.000000000,0.000000000,0.000000000,0.000000000,0.000000000,0.000000000
0.000000000,0.000000000,0.000000000,0.000000000,0.000000000,0.000000000
0.000000000,0.000000000,0.000000000,0.000000000,0.000000000,0.000000000
0.000000000,0.000000000,0.000000000,0.000000000,0.000000000,0.000000000
0.013474000,0.023623000,0.000000000,0.000000000,0.000000000,0.069958000
0.027060000,0.047644000,0.000000000,0.000000000,0.000000000,0.140947000
0.011482000,0.020298000,0.000000000,0.000000000,0.000000000,0.059989000
-0.014358000,-0.025375000,0.000000000,0.000000000,0.000000000,-0.075000000
-0.005174000,-0.009126000,0.000000000,0.000000000,0.000000000,-0.026986000
-0.029591000,-0.051996000,0.000000000,0.000000000,0.000000000,-0.153897000
-0.014083000,-0.024634000,0.000000000,0.000000000,0.000000000,-0.072995000
-0.009459000,-0.016504000,0.000000000,0.000000000,0.000000000,-0.048930000
0.011782000,0.020563000,0.000000000,0.000000000,0.000000000,0.060962000
0.043274000,0.075961000,0.000000000,0.000000000,0.000000000,0.224886000
0.054573000,0.096798000,0.000000000,0.000000000,0.000000000,0.285849000
0.031262000,0.055963000,0.000000000,0.000000000,0.000000000,0.164897000
0.042374000,0.076466000,0.000000000,0.000000000,0.000000000,0.224886000
0.011242000,0.020407000,0.000000000,0.000000000,0.000000000,0.059932000
0.000000000,0.000000000,0.000000000,0.000000000,0.000000000,0.000000000
0.000000000,0.000000000,0.000000000,0.000000000,0.000000000,0.000000000
-0.012931000,-0.023468000,0.000000000,0.000000000,0.000000000,-0.068927000
-0.007893000,-0.014292000,0.000000000,0.000000000,0.000000000,-0.041998000
0.000000000,0.000000000,0.000000000,0.000000000,0.000000000,0.000000000
0.028314000,0.051383000,0.000000000,0.000000000,0.000000000,0.150917000
0.033396000,0.061019000,0.000000000,0.000000000,0.000000000,0.178935000
0.037814000,0.069645000,0.000000000,0.000000000,0.000000000,0.203858000
0.036472000,0.067737000,0.000000000,0.000000000,0.000000000,0.197900000
0.012837000,0.023976000,0.000000000,0.000000000,0.000000000,0.069958000
0.000000000,0.000000000,0.000000000,0.000000000,0.000000000,0.000000000
0.000000000,0.000000000,0.000000000,0.000000000,0.000000000,0.000000000
0.000000000,0.000000000,0.000000000,0.000000000,0.000000000,0.000000000
-0.009533000,-0.017812000,0.000000000,0.000000000,0.000000000,-0.051967000
0.000000000,0.000000000,0.000000000,0.000000000,0.000000000,0.000000000
0.025451000,0.047641000,0.000000000,0.000000000,0.000000000,0.138942000
0.027327000,0.051461000,0.000000000,0.000000000,0.000000000,0.149886000
0.027565000,0.052243000,0.000000000,0.000000000,0.000000000,0.151948000
0.021843000,0.041638000,0.000000000,0.000000000,0.000000000,0.120951000
0.021569000,0.041328000,0.000000000,0.000000000,0.000000000,0.119921000
0.013795000,0.026542000,0.000000000,0.000000000,0.000000000,0.076948000
0.062349000,-0.057105000,0.075091000,0.075813000,0.055807000,0.041135000
-0.083534000,0.071730000,-0.102101000,-0.093540000,-0.076935000,-0.041168000
0.072686000,-0.168200000,0.112561000,0.162260000,0.078347000,-0.014470000
0.258616000,-0.009786000,-0.001181000,0.088722000,0.162715000,0.084357000
0.588773000,-0.024480000,0.702540000,0.172399000,0.575639000,0.053900000
0.904248000,-0.652171000,1.173297000,0.917539000,0.876920000,0.356203000
1.064505000,-0.975705000,1.490491000,1.357423000,1.059985000,0.529820000
0.643278000,-1.252979000,0.677262000,1.552767000,0.551035000,0.565489000
0.031870000,-1.947674000,0.538051000,2.056984000,0.091493000,0.543813000
-0.151447000,-2.094567000,0.440776000,2.182911000,-0.075066000,0.607331000
-0.385690000,-1.826747000,0.096919000,1.888781000,-0.361446000,0.661871000
-0.608220000,-1.250822000,-0.418098000,1.074058000,-0.638665000,0.409278000
-1.083423000,-0.889092000,-1.092518000,0.263403000,-1.022537000,-0.252327000
-0.977825000,-0.449863000,-1.048896000,-0.094239000,-0.896877000,-0.370986000
-0.714363000,-0.180140000,-0.679509000,-0.319966000,-0.510096000,-0.723996000
-0.196744000,-0.068271000,0.334305000,-0.198704000,0.109013000,-0.615534000
-0.209911000,-0.025186000,0.652292000,-0.158115000,0.154320000,-0.479017000
-0.134557000,0.140623000,2.106918000,-0.338711000,0.636057000,-0.605124000
-0.587876000,0.156451000,3.524317000,-0.447857000,0.752944000,-0.693804000
-0.532852000,-0.102538000,2.606571000,0.029955000,0.447454000,-0.193424000
-1.606612000,-0.255614000,6.000330000,0.002284000,0.814011000,-0.369440000
-2.388443000,-0.417633000,5.417548000,-0.151298000,0.270899000,-0.669560000
-2.706322000,-0.444211000,4.845629000,-0.231498000,-0.021330000,-0.720056000
-3.585110000,-0.384652000,7.140023000,-0.367361000,0.326161000,-0.851584000
-4.059516000,-0.075609000,7.672435000,-0.720113000,0.416211000,-1.028487000
-4.173031000,0.014642000,8.805938000,-0.637203000,0.989193000,-0.685494000
-4.755489000,0.325706000,8.976695000,-1.077082000,0.891787000,-0.949457000
-5.251667000,0.130751000,9.821389000,-0.860396000,1.203660000,-0.799568000
-4.167565000,-0.067119000,8.758777000,-0.814416000,1.257702000,358.967726000
-4.607044000,-0.194998000,11.864732000,-0.519986000,1.602317000,-0.711354000
-3.622892000,-0.124943000,13.250067000,-0.488482000,1.832077000,-0.520750000
-2.366963000,-0.234935000,11.093315000,-0.138861000,1.401088000,-0.229172000
-2.255897000,-0.560380000,14.413101000,0.342656000,1.596351000,0.084655000
-1.162600000,-0.829022000,14.798347000,1.054625000,1.297971000,0.644617000
0.364520000,-0.748565000,14.929299000,1.375376000,0.878337000,1.267584000
2.181784000,-0.585924000,15.117711000,1.672044000,0.561340000,-358.382201000
4.308117000,-0.571352000,14.844443000,1.440418000,0.153007000,1.253666000
5.175615000,-0.124809000,11.696560000,1.184455000,-0.190409000,1.138124000
9.058481000,0.376685000,14.242027000,1.409676000,-0.552649000,1.575534000
11.896293000,0.470167000,13.273886000,0.913199000,-1.020016000,1.040170000
11.504157000,0.459427000,9.941871000,0.750397000,-1.049571000,0.880047000
15.744767000,1.003768000,10.879302000,0.671229000,-1.424467000,1.032428000
16.386128000,0.722458000,9.139957000,0.291234000,-1.403952000,0.370589000
16.206139000,0.480012000,7.240079000,0.098398000,-1.480480000,0.135085000
16.172450000,0.236433000,5.594883000,-0.101560000,-1.452126000,-0.118081000
16.250606000,0.312238000,3.862264000,-0.591859000,-1.420592000,-0.482262000
13.032055000,0.121930000,2.091238000,-0.398317000,-1.194864000,-0.272524000
16.476647000,0.517242000,1.156864000,-0.531038000,-1.584165000,-0.110930000
23.140335000,1.073330000,-3.013522000,-0.748987000,-2.753631000,0.012511000
12.396188000,1.647569000,-1.004078000,-0.212467000,-1.312063000,0.727932000
15.362165000,2.015049000,-2.230212000,-0.741609000,-1.491199000,0.042214000
14.738502000,2.495529000,-2.977408000,-0.274165000,-1.610978000,0.790277000
13.911490000,2.337210000,-3.473777000,-0.005454000,-1.605088000,0.978411000
13.172402000,1.248748000,-4.127362000,-0.243660000,-1.494366000,0.255758000
12.881944000,1.041429000,-5.088563000,-0.024571000,-1.610230000,0.352543000
12.554941000,0.483517000,-5.885125000,0.118338000,-1.726226000,0.460607000
9.673104000,0.397266000,-5.012779000,-0.187342000,-1.252888000,-0.058693000
11.260222000,0.462446000,-6.337502000,-0.283056000,-1.457833000,-0.170871000
10.162861000,-0.186353000,-6.181700000,-0.339779000,-1.299530000,-0.427190000
7.419446000,-0.274961000,-4.802865000,-0.407421000,-0.919745000,-0.492811000
8.546954000,0.529685000,-6.096959000,-0.547829000,-1.102728000,-0.485384000
7.925752000,-0.064551000,-6.864054000,-0.790428000,-1.148571000,-0.841449000
5.790959000,-0.520026000,-5.929577000,-0.617665000,-0.971859000,-0.602817000
6.219910000,-0.567316000,-7.282629000,-0.885884000,-1.277767000,-0.764135000
5.460567000,-0.647628000,-6.501977000,-0.599135000,-1.115919000,-0.484196000
4.408672000,-1.179511000,-5.390417000,-0.206675000,-0.945589000,-0.365408000
3.830943000,0.010949000,-4.770298000,-0.144460000,-0.819430000,-0.164088000
3.677836000,-0.034542000,-4.698719000,-0.074653000,-0.803289000,-0.144364000
3.031400000,0.048494000,-3.996062000,-0.154411000,-0.650630000,-0.223805000
3.963991000,0.660909000,-5.374205000,-0.274419000,-0.851175000,-0.264488000
4.249745000,2.026556000,-5.947147000,-0.398711000,-0.909174000,-0.180408000
3.059948000,1.875376000,-5.124674000,-0.244995000,-0.857098000,0.175741000
3.159125000,1.019438000,-6.733946000,-0.485892000,-1.083599000,-0.094852000
2.585644000,0.994239000,-6.748464000,-0.660917000,-1.121416000,-0.205420000
2.391127000,0.514176000,-6.871641000,-0.406480000,-1.173739000,-0.139013000
1.916828000,-0.232256000,-7.085748000,-0.325519000,-1.190686000,-0.481422000
1.608599000,-1.304125000,-6.919163000,-0.279599000,-1.195762000,-0.483080000
0.939744000,-1.353235000,-5.443835000,-0.189330000,-0.964009000,-0.364572000
0.991632000,-0.347934000,-6.489439000,-0.083252000,-1.165594000,-0.154168000
0.399448000,-1.318696000,-6.438982000,-0.033650000,-1.179295000,-0.332727000
0.029657000,-0.005011000,-4.728323000,-0.092914000,-0.905066000,-0.238128000
0.201326000,0.401186000,-5.995171000,-0.176099000,-1.019953000,-0.569616000
-0.097786000,0.858100000,-5.519915000,-0.151639000,-0.991697000,-0.228704000
-0.592521000,0.585201000,-4.212426000,-0.118035000,-0.796830000,-0.136484000
-0.763543000,1.347850000,-3.294532000,-0.369668000,-0.597643000,-0.292426000
-0.979759000,0.892235000,-2.528921000,-0.376602000,-0.438276000,-0.582030000
-0.636179000,0.244372000,-2.392634000,-0.251108000,-0.408899000,-0.576417000
-0.228788000,0.295053000,-4.424661000,-0.231648000,-0.803284000,-0.347124000
0.018169000,-0.652269000,-4.177598000,-0.088384000,-0.755561000,-0.349970000
0.375549000,0.002644000,-3.759741000,0.014688000,-0.735754000,-0.007324000
1.045451000,0.640829000,-4.110885000,0.006140000,-0.693150000,0.041509000
1.576850000,0.645554000,-3.925250000,-0.012553000,-0.634508000,-0.232942000
4.355602000,3.481023000,-7.317057000,-0.556929000,-0.936060000,359.883450000
2.284257000,1.166570000,-4.779053000,-0.246905000,-0.672919000,-0.190577000
2.042627000,1.159631000,-4.889331000,-0.088078000,-0.708019000,-0.056802000
2.451207000,1.275393000,-4.218878000,-0.155423000,-0.470509000,-0.084906000
2.935407000,0.622600000,-3.471240000,-0.159034000,-0.041379000,-0.265385000
2.091928000,0.094812000,-2.979537000,-0.017581000,0.033920000,-0.239825000
2.454777000,0.112347000,-3.295558000,-0.013692000,-0.123934000,-0.354346000
2.577034000,0.126988000,-4.122366000,-0.010999000,-0.161075000,-0.155239000
2.177780000,0.034373000,-3.603528000,0.040031000,-0.105731000,0.065901000
2.567826000,0.144174000,-4.680233000,-0.021528000,-0.085282000,0.068121000
2.131677000,0.124795000,-4.565619000,-0.018517000,-0.127475000,0.019053000
1.846318000,0.117602000,-4.608839000,-0.020244000,-0.128091000,0.066656000
1.665748000,0.112228000,-3.907978000,-0.028255000,-0.014430000,0.067008000
1.564193000,0.111074000,-3.401632000,-0.037054000,0.088998000,0.009291000
1.129625000,-0.753570000,-3.126093000,-0.058301000,0.254762000,-0.116645000
1.072989000,-0.355928000,-3.670476000,-0.064515000,0.230653000,-0.153887000
1.229847000,-0.278737000,-3.227659000,0.007793000,0.123058000,-0.267467000
1.095234000,-0.466475000,-2.294364000,0.000091000,0.179232000,-0.449283000
1.281659000,0.096891000,-2.649016000,-0.059092000,0.213991000,-0.284306000
1.026018000,0.080963000,-2.037407000,-0.053477000,0.199743000,-0.235892000
1.303784000,0.599336000,-1.406839000,0.058117000,-0.062804000,-0.017937000
1.119479000,1.625583000,-1.737644000,-0.009204000,-0.034704000,0.109293000
0.923122000,0.887454000,-1.697113000,0.007085000,-0.145212000,-0.037546000
0.855108000,0.555942000,-1.544635000,-0.034530000,-0.147465000,0.038319000
0.816636000,0.590007000,-2.424361000,0.013721000,-0.223726000,0.065590000
1.088762000,0.605174000,-2.021670000,-0.099551000,-0.186687000,-0.067781000
1.227695000,0.538997000,-2.138073000,0.004337000,-0.125507000,-0.127877000
1.061383000,0.048579000,-1.601700000,0.008363000,-0.110247000,-0.108991000
1.342411000,-0.003837000,-1.672196000,0.041981000,-0.026619000,-0.124823000
0.937100000,0.042891000,-1.649111000,0.011166000,-0.128656000,-0.094022000
0.942296000,0.513377000,-1.009339000,0.002186000,-0.031757000,-0.005490000
0.936824000,0.168114000,-1.502735000,-0.046079000,-0.066464000,-0.084759000
0.811341000,0.036570000,-1.438638000,0.014195000,-0.130019000,-0.001495000
0.460304000,0.427071000,-1.894865000,0.016898000,-0.191556000,0.060933000
1.941689000,1.273593000,-1.925122000,-0.096745000,0.516724000,0.232101000
-0.539387000,1.012248000,-1.918383000,0.131491000,-0.879105000,0.079860000
0.350622000,1.087718000,-1.953475000,0.018934000,-0.209332000,0.152100000
1.528001000,1.694715000,-2.236659000,-0.085369000,0.411558000,0.288850000
0.140041000,0.754878000,-1.535621000,-0.024521000,-0.315753000,0.037559000
0.199941000,1.176105000,-0.877887000,-0.093611000,-0.152565000,0.064288000
0.534110000,-0.045745000,0.102819000,0.002638000,0.020915000,-0.018199000
0.164070000,1.410430000,-0.610485000,0.006108000,-0.059677000,0.192955000
0.636286000,0.378232000,-0.247736000,0.044314000,0.054556000,0.034040000
0.517283000,0.049726000,-0.448962000,-0.000555000,0.008152000,-0.063546000
0.691181000,0.052208000,-1.561964000,0.005650000,-0.080075000,-0.112391000
0.576710000,0.033445000,-0.539524000,0.008610000,-0.043061000,-0.058968000
0.714941000,0.326431000,-1.162548000,0.007681000,-0.072440000,0.045993000
0.818690000,0.253960000,-0.985694000,0.003505000,-0.032815000,0.026998000
0.861318000,0.382280000,-0.830980000,0.000419000,-0.003931000,0.043948000
0.877899000,0.061325000,-1.304854000,0.007319000,-0.068538000,0.000017000
1.154941000,0.080678000,-0.577319000,-0.007428000,0.069563000,-0.000018000
0.922954000,0.064472000,-0.199849000,-0.009868000,0.092408000,-0.000038000
0.902521000,0.063045000,-0.769184000,-0.001355000,0.013780000,-0.016920000
0.495845000,0.029010000,-0.405676000,0.007366000,-0.034940000,-0.006191000
0.506833000,0.035404000,0.109192000,-0.008740000,0.081523000,-0.000043000
0.559291000,-0.527255000,-0.203240000,0.008486000,-0.026552000,-0.084634000
0.253320000,-0.384366000,0.274114000,-0.007358000,0.068533000,-0.054016000
0.351321000,-0.691066000,0.374146000,-0.010032000,0.093428000,-0.096043000
-0.005367000,0.126381000,0.000000000,0.000000000,0.000000000,0.017017000
0.010830000,-0.083205000,0.009295000,0.052637000,0.005638000,0.030663000
0.005101000,0.271845000,0.021313000,0.119088000,0.012649000,0.131325000
0.154504000,0.084728000,0.310595000,-0.047928000,0.007537000,-0.037238000
0.623784000,0.047502000,0.320030000,-0.016347000,0.120191000,0.048533000
0.395853000,0.528341000,-0.021384000,-0.062865000,0.048666000,0.021835000
0.447213000,0.411445000,-0.042514000,-0.005895000,0.055609000,0.050866000
0.499740000,0.034558000,-0.690094000,0.002947000,-0.027805000,0.000036000
0.312785000,0.688420000,-0.950205000,0.009379000,-0.089118000,0.139762000
0.578228000,0.063248000,-0.886071000,0.004491000,-0.042736000,0.003025000
0.885243000,0.363403000,-0.141723000,-0.010654000,0.101371000,0.039879000
0.862644000,0.744615000,0.561911000,-0.005986000,0.117792000,0.080560000
0.855884000,0.515087000,0.559657000,-0.008953000,0.132338000,0.051926000
0.525910000,0.024340000,-0.577684000,0.022781000,-0.127048000,0.037371000
0.678427000,0.043837000,-1.421428000,0.019745000,-0.149133000,-0.007106000
0.677121000,0.038968000,-0.420781000,0.012615000,-0.051944000,-0.012674000
0.753383000,0.115370000,-0.417715000,-0.033218000,-0.042782000,-0.037815000
0.890894000,0.058151000,-0.749336000,0.009246000,-0.039611000,-0.009000000
1.069993000,0.686378000,-0.701893000,0.010052000,-0.028137000,0.068302000
0.847754000,-0.021428000,-1.030132000,0.068205000,-0.131189000,0.008162000
0.578574000,0.021502000,-1.033265000,0.038908000,-0.231236000,-0.025748000
0.761079000,0.104665000,-0.984481000,-0.008623000,-0.194091000,-0.048538000
0.854462000,0.057941000,-0.568443000,0.008754000,-0.040369000,-0.014207000
0.676184000,0.037737000,0.072661000,0.009029000,-0.002826000,-0.015893000
0.325317000,0.017042000,0.163014000,0.004263000,0.006129000,-0.009012000
0.092749000,0.001528000,0.226052000,0.003813000,-0.002166000,-0.006569000
-0.080605000,-0.010912000,-0.435870000,0.014792000,-0.107534000,-0.005830000
0.022240000,-0.429702000,0.000000000,0.000000000,0.000000000,-0.055978000
-0.555098000,-0.036306000,-0.773221000,0.011576000,-0.137908000,0.006045000
-0.364312000,-0.034496000,-0.283812000,0.020950000,-0.148892000,-0.008927000
-0.000128000,-0.000009000,0.436729000,-0.006134000,0.056621000,0.000053000
-0.180533000,-0.013466000,0.306022000,-0.001512000,0.013956000,0.000012000
-0.220816000,-0.016470000,0.288251000,-0.000647000,0.005981000,0.000005000
0.000000000,0.000000000,0.000000000,0.000000000,0.000000000,0.000000000
-0.018010000,0.474438000,0.008639000,0.047923000,0.005180000,0.097969000
0.163369000,0.573057000,0.231321000,-0.006212000,0.057592000,0.072983000
0.294188000,0.500318000,0.526322000,-0.001855000,0.058662000,0.054803000
0.375869000,0.195050000,0.464168000,-0.058124000,0.112370000,-0.012445000
0.339919000,0.031109000,0.318907000,-0.016615000,0.126501000,0.005395000
-0.088296000,0.069989000,-0.007475000,-0.042592000,-0.053509000,-0.032848000
0.000000000,0.000000000,0.000000000,0.000000000,0.000000000,0.000000000
-0.020486000,0.367915000,0.000000000,0.000000000,0.000000000,0.047957000
-0.049458000,0.866312000,0.000000000,0.000000000,0.000000000,0.112930000
0.001822000,0.008097000,-0.445410000,0.006278000,-0.057643000,0.001013000
-0.018370000,0.314240000,0.000000000,0.000000000,0.000000000,0.040966000
-0.217827000,-0.030399000,0.488537000,0.016018000,-0.071569000,-0.015208000
-0.296844000,-0.040630000,1.962524000,0.002132000,0.078086000,-0.019819000
-0.516236000,-1.029830000,3.003085000,-0.060762000,0.133991000,-0.149794000
-0.558947000,-1.349896000,3.117923000,0.015018000,0.037991000,-0.084416000
-0.591204000,-1.508069000,3.945250000,0.002261000,0.141506000,0.007629000
-0.743806000,-1.358505000,4.281677000,0.007988000,0.113453000,0.169987000
-0.461349000,-1.667502000,3.227561000,0.067855000,0.029121000,0.342920000
-0.764202000,-1.822002000,3.372193000,0.021843000,-0.029365000,0.287590000
-0.680816000,-2.384441000,3.234662000,-0.055863000,0.023177000,0.048971000
-0.643338000,-1.918108000,3.231930000,-0.165370000,0.082710000,0.050955000
-0.467262000,-2.916261000,2.961530000,-0.126553000,0.164085000,-0.172583000
-0.318180000,-3.850802000,2.519314000,-0.039748000,0.203215000,-0.361786000
-1.378175000,-3.359658000,0.988862000,0.044161000,-0.716814000,-0.348334000
1.008237000,-3.497263000,0.303994000,-0.202006000,0.671789000,-0.332315000
-0.258656000,-4.091866000,0.179949000,0.007470000,-0.146878000,-0.208547000
-0.288927000,-4.235861000,-0.008171000,-0.036812000,-0.174996000,-0.236998000
-0.227603000,-4.294061000,0.001991000,0.017222000,-0.107838000,-0.227324000
0.185475000,-4.441222000,0.591942000,-0.000807000,0.080249000,-0.449446000
0.115161000,-3.634336000,0.396307000,-0.001952000,0.071647000,-0.259119000
-0.179205000,-4.396305000,0.263232000,0.005933000,-0.047480000,-0.273688000
-0.080568000,-3.790186000,0.673013000,0.012054000,-0.084464000,-0.035067000
-0.103127000,-3.474575000,0.213255000,0.000818000,0.012954000,-0.097964000
-0.373705000,-3.898894000,0.397921000,0.011381000,-0.135824000,-0.335021000
-0.456539000,-3.602132000,0.264730000,0.010065000,-0.164929000,-0.210351000
-0.430582000,-3.357637000,0.707323000,0.007412000,-0.087425000,-0.099537000
-0.463264000,-3.251103000,1.034040000,-0.058341000,-0.134133000,0.022905000
0.034619000,-3.601275000,1.632719000,0.007707000,0.156917000,-0.269755000
0.124746000,-2.539095000,1.729778000,-0.017360000,0.309552000,-0.292354000
-1.216322000,-3.347160000,1.196239000,-0.020499000,-0.572457000,-0.359876000
1.010364000,-3.161760000,0.537055000,-0.013053000,0.767503000,-0.063928000
0.108901000,-2.496097000,0.132535000,0.004810000,0.027628000,-0.015446000
-0.825834000,-2.561322000,-0.270790000,0.062919000,-0.667461000,-0.018237000
1.314969000,-2.575145000,-0.452258000,0.047052000,0.692587000,0.291488000
0.327751000,-1.075429000,-1.181123000,-0.004285000,-0.123655000,-0.136405000
-0.869636000,-1.419611000,-1.208386000,-0.005159000,-0.757994000,-0.261817000
1.692249000,-0.424142000,-2.081424000,-0.008874000,0.422252000,0.409646000
0.431312000,-1.195886000,-0.909301000,-0.002411000,-0.068912000,0.033482000
0.341565000,-0.543626000,-1.570214000,-0.009972000,-0.198038000,0.233237000
0.494685000,-0.455814000,-1.644044000,-0.009120000,-0.211677000,-0.052269000
0.580257000,-0.507457000,-1.102995000,-0.003668000,-0.022244000,-0.049119000
0.618116000,-0.082618000,-1.613997000,-0.008107000,-0.141633000,0.001112000
0.115767000,-0.016972000,-1.437126000,-0.010681000,-0.186593000,0.000137000
0.009024000,-0.420899000,-1.006917000,-0.007483000,-0.130707000,-0.053855000
0.046765000,-0.038088000,-0.684454000,-0.005086000,-0.088835000,-0.003922000
0.086167000,-0.545682000,-1.224417000,-0.009721000,-0.111851000,0.002404000
0.080501000,-0.489238000,-1.046376000,0.043698000,-0.095597000,0.038390000
0.152075000,-0.633967000,-1.148199000,-0.041276000,-0.044795000,0.040817000
0.030494000,-1.200017000,-1.988999000,-0.018664000,-0.205633000,-0.003412000
0.117848000,-0.481565000,-1.705577000,-0.014694000,-0.166183000,-0.001618000
0.418242000,-0.615479000,-1.268297000,-0.005798000,0.115245000,-0.019704000
0.321495000,-0.046379000,-1.179861000,-0.010586000,-0.003018000,0.155430000
0.120522000,-0.528216000,-1.046124000,-0.007121000,-0.036156000,-0.055560000
0.133132000,-0.016378000,-0.613390000,-0.005905000,-0.021153000,0.073481000
0.169038000,-0.021381000,-1.085026000,-0.008167000,-0.066013000,0.007883000
0.407328000,-0.128771000,0.159845000,0.047979000,0.111523000,0.022073000
0.380427000,-0.044879000,-1.107193000,-0.006761000,0.059746000,0.083504000
0.118824000,-0.015249000,-0.985782000,-0.008058000,-0.078947000,0.005204000
0.415445000,-0.065490000,-0.867601000,-0.005744000,-0.061751000,0.057813000
0.574642000,-0.084837000,-1.002958000,-0.002987000,0.010676000,0.008284000
0.294592000,-0.043227000,-1.181250000,-0.009531000,-0.085587000,0.051558000
0.399366000,-0.062955000,-0.250272000,0.001949000,0.025882000,-0.000059000
0.667011000,-0.109014000,-1.099914000,-0.004038000,-0.087603000,-0.005373000
0.749421000,0.296969000,-1.254719000,-0.004364000,-0.022104000,0.057964000
0.676362000,0.264404000,-1.436791000,0.046677000,-0.103728000,0.081718000
0.680901000,-0.110485000,-0.943713000,-0.002128000,-0.067578000,-0.006296000
0.799084000,-0.124247000,-0.984597000,-0.000552000,-0.006005000,0.000228000
0.985389000,-0.149939000,-0.862105000,-0.001736000,0.058149000,0.154018000
0.599219000,0.280825000,-0.331157000,0.000971000,0.032328000,0.109488000
0.483463000,-0.074855000,-0.318459000,0.002838000,0.033623000,-0.007042000
0.803174000,-0.126786000,-0.469343000,0.004617000,0.037961000,-0.003600000
0.666379000,-0.105893000,-0.450045000,0.003144000,0.017012000,-0.003966000
0.759645000,-0.116885000,-0.432572000,0.003188000,0.063385000,0.061549000
0.844488000,-0.528309000,-0.189461000,0.008642000,0.148074000,0.004435000
0.415890000,-0.876170000,-0.165309000,0.003709000,0.059391000,-0.040447000
0.579448000,0.045698000,0.021358000,0.007372000,0.089652000,0.016824000
0.477954000,-0.075146000,-0.384219000,0.002131000,0.025925000,-0.000053000
0.205754000,-0.032350000,0.168522000,0.004423000,0.053791000,-0.000108000
0.005345000,-0.000840000,-0.374154000,-0.005452000,-0.053591000,0.064734000
0.008697000,-0.001368000,-0.660710000,-0.006892000,-0.082678000,0.000176000
0.004967000,-0.000781000,-0.413863000,-0.004317000,-0.051787000,0.000115000
0.011311000,-0.001778000,-1.090575000,-0.011378000,-0.136464000,0.000323000
0.004337000,-0.000682000,-0.501490000,-0.005232000,-0.062751000,0.000158000
0.003398000,-0.000534000,-0.445823000,-0.004652000,-0.055784000,0.000145000
0.000000000,0.000000000,0.000000000,0.000000000,0.000000000,0.000000000
0.003688000,-0.000580000,-0.564928000,-0.005895000,-0.070687000,0.000190000
-0.164084000,0.025798000,-0.220793000,-0.004486000,-0.053786000,0.000149000
-0.183709000,0.028884000,-0.670517000,-0.009467000,-0.113511000,0.000330000
-0.000191000,0.000030000,0.047421000,0.000495000,0.005938000,-0.000018000
-0.442066000,0.065828000,-0.482622000,-0.011565000,-0.168195000,-0.004785000
0.000000000,0.000000000,0.000000000,0.000000000,0.000000000,0.000000000
-0.186553000,0.029331000,-0.248369000,-0.005063000,-0.060753000,0.000198000
-0.012282000,0.001931000,-0.016334000,-0.000333000,-0.003997000,0.000013000
0.000000000,0.000000000,0.000000000,0.002095000,0.005457000,-0.052758000
0.000000000,0.000000000,0.000000000,0.000000000,0.000000000,0.000000000
0.000000000,0.000000000,0.000000000,0.000000000,0.000000000,0.000000000
0.000000000,0.000000000,0.000000000,0.000000000,0.000000000,0.000000000
0.000000000,0.000000000,0.000000000,0.000000000,0.000000000,0.000000000
0.000000000,0.000000000,0.000000000,0.000000000,0.000000000,0.000000000
-0.072959000,-0.406577000,0.000000000,0.002049000,0.005352000,-0.103699000
-0.310041000,0.053007000,-0.662437000,-0.008399000,-0.087322000,-0.036746000
-0.003248000,-0.000077000,-0.376438000,-0.003954000,-0.053833000,-0.000671000
-0.167738000,-0.635017000,0.002024000,-0.001007000,-0.032751000,-0.085377000
0.059826000,0.118523000,-0.011377000,-0.056739000,0.032431000,-0.018185000
-0.071457000,-0.948536000,-0.003791000,0.001932000,0.062603000,-0.113508000
-0.002873000,-0.015671000,0.000000000,-0.004614000,-0.011495000,0.110433000
0.000000000,0.000000000,0.000000000,-0.003815000,-0.009452000,0.092530000
0.000000000,0.000000000,0.000000000,-0.006103000,-0.015034000,0.147299000
-0.064563000,-0.351446000,0.000000000,-0.006142000,-0.015018000,0.102324000
0.000000000,0.000000000,0.000000000,-0.001832000,-0.004458000,0.043758000
0.000000000,0.000000000,0.000000000,0.000000000,0.000000000,0.000000000
-0.141925000,-0.135223000,0.917030000,0.007410000,0.042952000,-0.026754000
-0.187936000,-0.367976000,1.987740000,0.018633000,0.177819000,-0.031957000
-0.331017000,-0.645432000,3.027854000,0.029560000,0.267994000,-0.098653000
-0.634022000,-1.131969000,5.264564000,0.002719000,0.484117000,-0.130370000
-1.087717000,-1.840087000,6.210998000,-0.031109000,0.540808000,-0.179954000
-0.879924000,-1.740396000,5.329956000,0.000044000,0.486302000,-0.173124000
-2.279967000,-1.642559000,6.316384000,0.086420000,-0.205589000,-0.119778000
-1.253091000,-1.729661000,5.795970000,0.155448000,0.391029000,0.074198000
-1.015039000,-1.160093000,5.332017000,0.049985000,0.456311000,0.059971000
-0.671813000,-2.133007000,5.139162000,0.080649000,0.713413000,0.036761000
-0.645981000,-1.942468000,4.924085000,-0.080316000,0.588112000,-0.188992000
-0.725398000,-2.329983000,3.164432000,-0.073757000,0.194843000,-0.232661000
-1.286310000,-4.474066000,3.204251000,0.031387000,0.102435000,-0.504121000
-1.278511000,-4.860267000,1.540453000,0.108981000,-0.132211000,-0.485853000
-0.737691000,-5.107447000,1.138185000,0.096157000,0.145132000,-0.316841000
-0.393126000,-5.116577000,1.082058000,0.181473000,0.217596000,-0.105499000
-0.513550000,-4.719251000,0.083695000,0.042048000,0.099170000,-0.074968000
-0.477965000,-3.636131000,-0.208099000,-0.034879000,0.022735000,-0.180162000
-0.702452000,-4.570682000,-1.734144000,-0.005772000,-0.216518000,-0.078739000
-0.862906000,-4.458549000,-1.681972000,-0.004828000,-0.179763000,-0.053729000
-0.742899000,-3.229809000,-2.233881000,-0.038031000,-0.314004000,-0.110109000
-1.108947000,-3.885425000,-2.176144000,-0.047629000,-0.371282000,-0.168016000
-1.214486000,-3.924856000,-0.939807000,-0.013223000,-0.166713000,-0.076021000
-1.070665000,-3.466222000,-1.138030000,-0.021650000,-0.178498000,-0.127384000
-0.708212000,-3.320002000,-1.457272000,0.038371000,-0.114895000,-0.238749000
-1.001943000,-2.993813000,-0.791515000,-0.018622000,-0.103261000,-0.353253000
-0.638502000,-2.317253000,-2.010058000,-0.048092000,-0.259820000,-0.206869000
-0.458824000,-2.236967000,0.023021000,0.068579000,0.036102000,-0.196122000
-0.647645000,-2.542168000,-0.712258000,0.120669000,-0.097581000,-0.146577000
-0.894584000,-2.557315000,-0.834216000,0.101536000,-0.164370000,0.017644000
-0.352024000,-1.866382000,-1.341797000,0.123327000,-0.159539000,0.106217000
-0.494198000,-1.871406000,-2.413844000,0.055637000,-0.362308000,0.128699000
-0.324740000,-1.352125000,-2.210179000,0.049552000,-0.322004000,0.080494000
-0.325373000,-1.283639000,-1.758740000,0.251848000,-0.305467000,0.115284000
0.877974000,-1.005149000,-1.815124000,0.142378000,0.398692000,0.036280000
-1.127554000,-0.384096000,-1.405405000,0.031499000,-0.851069000,-0.065788000
-0.037074000,-0.220168000,-0.628783000,0.091115000,-0.112116000,0.033344000
0.707804000,-1.376719000,-1.644098000,0.134034000,0.434102000,-0.013953000
0.054428000,-0.226649000,-1.616596000,0.074274000,-0.220428000,0.045322000
-0.085578000,-0.481978000,-1.585396000,0.000184000,-0.205291000,-0.033287000
-0.110422000,-0.825917000,-1.470560000,0.036197000,-0.123420000,-0.045128000
0.366149000,-0.496489000,-2.119178000,-0.018970000,-0.021138000,0.116669000
0.595270000,-0.220824000,-1.009395000,0.000490000,0.030407000,0.236159000
0.337680000,-0.762570000,-1.581123000,0.008013000,0.107618000,0.231051000
0.381272000,-0.647341000,-1.814068000,-0.006475000,0.033937000,0.320445000
0.446364000,-0.151130000,-1.340864000,0.001194000,0.054451000,0.315415000
0.307146000,-0.105683000,-1.815678000,-0.031965000,-0.093299000,0.248303000
0.137930000,-0.048262000,-1.294549000,-0.033276000,-0.114662000,0.161969000
0.214347000,-0.073063000,-1.190853000,-0.020337000,-0.053232000,0.203686000
0.155360000,-0.053445000,-1.230920000,-0.033493000,-0.108782000,0.306965000
0.240294000,-0.079717000,-0.306874000,0.010269000,0.063667000,0.390734000
0.305689000,-0.110724000,-0.342018000,0.009976000,0.050780000,0.221820000
0.588380000,-0.209370000,-1.148654000,0.014714000,0.091143000,0.228923000
-0.660796000,0.207696000,-0.257930000,-0.125689000,-0.538394000,0.006174000
1.220602000,-0.414453000,-0.271136000,0.152090000,0.653035000,0.085609000
-0.745887000,0.231875000,-0.704325000,-0.158942000,-0.667811000,-0.052971000
0.617779000,-0.240983000,0.224399000,0.038084000,0.133241000,0.076309000
1.821658000,-0.646785000,-0.559610000,0.176353000,0.733429000,0.169707000
-0.358448000,0.081461000,-0.024977000,-0.115249000,-0.509008000,-0.008641000
0.436912000,-0.174580000,0.073483000,0.012770000,0.032395000,0.206527000
1.634465000,-0.574877000,-0.260106000,0.180981000,0.726924000,0.148170000
0.197410000,-1.347879000,-0.307739000,0.033676000,0.115910000,0.015878000
-0.776038000,0.281299000,-0.925084000,-0.232357000,-0.721015000,0.068722000
0.231478000,-0.977517000,-0.716341000,0.044884000,0.193038000,-0.006629000
0.452892000,-0.196475000,-0.626109000,-0.033428000,0.095985000,0.160582000
0.751895000,-0.293349000,-0.018437000,0.034359000,0.118996000,0.043215000
-0.146628000,-0.458425000,0.280241000,0.001616000,-0.007051000,-0.066909000
0.187242000,-0.074825000,-0.073101000,0.007201000,0.022842000,-0.000171000
0.008952000,-0.003577000,-0.637939000,-0.024922000,-0.082203000,0.060002000
-0.201689000,-0.461057000,-0.188791000,-0.050342000,-0.015085000,-0.029519000
-0.217413000,-0.538032000,-1.055131000,-0.039049000,-0.123200000,-0.067920000
0.027678000,0.068783000,-0.618851000,-0.089365000,-0.058497000,0.037415000
0.036479000,0.080355000,-0.927508000,-0.087540000,-0.089669000,-0.020970000
0.253742000,-0.116131000,-0.001613000,0.007090000,-0.004691000,-0.006827000
0.039943000,-0.014007000,-0.998075000,-0.031452000,-0.095087000,0.003818000
0.122947000,0.146491000,-0.365539000,-0.139281000,-0.055708000,-0.057709000
0.160499000,0.033153000,-0.857991000,-0.080644000,-0.063514000,-0.022537000
0.893859000,-0.231183000,-0.100960000,0.102471000,0.572861000,0.054269000
-1.024318000,1.090867000,-0.597635000,-0.237106000,-0.902976000,-0.015430000
-0.132362000,0.045151000,0.074829000,-0.021255000,-0.082481000,0.044388000
1.168456000,0.275654000,-0.004124000,0.151461000,0.585623000,0.149045000
-0.183436000,0.062056000,0.000007000,-0.032525000,-0.125207000,0.052131000
-0.115759000,0.039188000,0.000215000,-0.019221000,-0.073884000,-0.009009000
-0.081930000,0.116532000,-0.476631000,-0.086365000,-0.108153000,-0.028741000
0.000000000,0.000000000,0.000000000,0.000000000,0.000000000,0.000000000
0.047945000,0.141432000,-0.018610000,-0.090328000,0.028629000,-0.037026000
0.273760000,-0.016308000,0.503183000,-0.033181000,0.077041000,-0.030758000
0.200864000,-0.080191000,0.309713000,0.022313000,0.070527000,-0.000750000
0.454648000,-0.181509000,0.704188000,0.050652000,0.160121000,-0.001601000
-0.552783000,0.558793000,0.498486000,-0.133262000,-0.536559000,-0.032951000
1.261344000,-0.439614000,0.270367000,0.200189000,0.756060000,0.081779000
-0.978259000,0.333025000,0.000832000,-0.162721000,-0.624948000,-0.074417000
0.109742000,-0.044657000,-0.291253000,-0.008582000,-0.028977000,0.049585000
1.095132000,-0.285370000,-0.010952000,0.128240000,0.698923000,0.055778000
-1.010265000,0.409715000,0.055833000,-0.213059000,-0.657900000,-0.096413000
0.411959000,-0.066553000,0.491915000,-0.006631000,0.170391000,-0.017718000
1.164231000,-0.397484000,0.003700000,0.194722000,0.743956000,0.087471000
-0.812657000,0.260644000,0.457955000,-0.152173000,-0.602584000,-0.084313000
0.155000000,-0.076342000,2.484425000,0.070924000,0.197209000,-0.023009000
-0.093624000,-0.363954000,3.677317000,0.055113000,0.257544000,-0.100707000
-0.372901000,0.116648000,4.108064000,0.066830000,0.152215000,-0.049109000
-0.438673000,0.149758000,3.731511000,0.063883000,0.156658000,-0.039498000
-0.468112000,0.149119000,4.076950000,0.048688000,0.085296000,-0.058970000
-0.539147000,0.296204000,3.509323000,-0.020810000,0.098686000,-0.067767000
-0.548906000,0.295461000,3.071306000,-0.013645000,0.112158000,-0.053000000
-0.374818000,0.615263000,3.730191000,-0.157109000,0.431468000,-0.100176000
-0.658331000,0.607359000,4.567564000,-0.054183000,0.524426000,-0.067403000
-0.549235000,0.391618000,5.387908000,0.085974000,0.635176000,-0.031944000
-0.573587000,0.453215000,5.511524000,0.048868000,0.623858000,-0.047364000
-0.390240000,0.738951000,5.601269000,0.206924000,0.694111000,0.078013000
-0.702695000,0.828445000,4.084382000,0.124702000,0.410241000,0.068107000
-1.031927000,0.409392000,5.526032000,0.181259000,0.595794000,0.009060000
-1.445052000,0.649799000,4.478823000,0.075776000,0.408468000,-0.007747000
-1.171454000,0.557264000,3.680724000,0.047712000,0.350088000,-0.011258000
-1.296683000,0.941954000,4.422837000,-0.123085000,0.491444000,-0.073575000
-1.418592000,0.806968000,4.392406000,-0.018812000,0.452429000,-0.037301000
-1.045216000,0.499213000,3.959998000,0.076414000,0.431198000,-0.005232000
-1.147418000,0.551023000,4.740102000,0.101868000,0.539370000,-0.003215000
-1.241249000,-0.460647000,4.209815000,0.149109000,0.491852000,-0.096158000
-0.913331000,-0.230625000,3.309394000,0.119144000,0.392310000,-0.056422000
-0.389096000,0.155796000,1.957671000,0.072175000,0.237336000,0.008594000
-0.497719000,-0.888169000,0.512756000,0.018928000,0.062198000,-0.125638000
-0.378792000,-0.986572000,0.750556000,0.035815000,0.117648000,-0.129487000
-0.057357000,-0.470670000,0.304734000,0.019226000,0.063128000,-0.055584000
-0.771110000,-1.474287000,0.560301000,0.020702000,0.067954000,-0.207268000
-0.509418000,-0.907366000,0.473355000,0.017499000,0.057423000,-0.128698000
-0.520315000,-0.695311000,0.342382000,0.015540000,0.053547000,-0.101066000
-0.483626000,-0.353400000,0.476437000,0.009934000,0.032577000,-0.063695000
-0.265915000,-0.340182000,-0.292684000,-0.014880000,-0.047871000,-0.053449000
-0.177452000,0.065822000,-0.431454000,0.022195000,-0.106861000,0.021679000
-0.267682000,0.111962000,-0.665196000,-0.034233000,-0.146481000,0.057587000
-0.233552000,0.097687000,-0.576688000,-0.036575000,-0.119514000,-0.004490000
-0.302649000,0.126588000,-0.742264000,-0.039389000,-0.162918000,0.059150000
-0.241693000,0.101092000,-0.156306000,-0.003413000,-0.073958000,0.118506000
-0.289057000,0.030857000,0.339351000,0.056393000,-0.002010000,0.012765000
-0.215826000,0.431708000,1.703056000,0.117745000,0.189916000,0.076102000
-0.583926000,-0.603682000,1.320194000,0.118431000,0.138432000,-0.057489000
-0.356278000,-0.376979000,0.759868000,0.028790000,0.092640000,-0.058365000
-0.672421000,-0.660159000,0.501926000,0.036160000,0.125110000,-0.093821000
-0.341464000,-0.315021000,-0.206146000,0.022498000,-0.118404000,-0.036263000
-0.712841000,-0.221340000,0.017727000,-0.013647000,0.024381000,-0.058343000
-1.165195000,-0.238113000,-0.318840000,-0.034843000,-0.222242000,-0.084237000
-0.792914000,0.338136000,0.355922000,-0.016951000,-0.054470000,-0.002053000
-0.991105000,-0.358085000,0.102949000,0.016906000,-0.097618000,-0.033091000
-1.006001000,0.430771000,0.500267000,-0.018770000,-0.060146000,-0.002222000
-1.020089000,0.434032000,0.602970000,-0.022853000,-0.076379000,-0.007244000
-0.936807000,0.401142000,1.150436000,0.015771000,0.050571000,0.001846000
-0.832483000,0.981037000,1.591745000,0.064725000,0.089171000,0.111815000
-1.111752000,0.474196000,1.246965000,0.020180000,0.038805000,0.050540000
-0.758748000,1.330010000,1.257249000,0.022270000,0.036273000,0.188411000
-1.460142000,0.561254000,1.115269000,-0.004265000,-0.011984000,-0.010430000
-1.301461000,0.552056000,0.668580000,-0.019503000,-0.061961000,-0.002331000
-0.991183000,0.420441000,0.620610000,-0.009018000,-0.028656000,-0.001071000
-1.232681000,0.447232000,0.677663000,0.029563000,-0.060502000,0.012703000
-0.525621000,0.857141000,1.266050000,0.002487000,0.063696000,-0.045825000
-0.516149000,0.218112000,1.551392000,0.056966000,0.178467000,0.013708000
-0.541415000,0.797726000,2.483324000,0.169500000,0.303565000,0.199927000
-0.775848000,0.918514000,2.490981000,0.059234000,0.283285000,0.069536000
-1.017800000,0.987549000,2.254267000,0.069858000,0.222218000,0.080060000
-1.177867000,0.912340000,2.929243000,0.097748000,0.309027000,0.065489000
-1.670497000,0.696693000,1.770422000,0.028078000,0.088680000,0.003980000
-1.548246000,0.640239000,1.956707000,0.025227000,0.074431000,-0.005511000
-1.204254000,0.091076000,1.015613000,0.027226000,0.089700000,-0.041403000
-1.187859000,0.460484000,1.394348000,0.015456000,0.044798000,-0.008823000
-0.677568000,0.283362000,0.726002000,0.013290000,0.041934000,0.001947000
-0.292800000,0.042140000,0.014168000,0.038452000,-0.043396000,0.013851000
-0.503583000,-0.379903000,0.726786000,0.017540000,0.052502000,-0.076435000
-0.059142000,-0.334596000,0.007619000,-0.032914000,0.067444000,-0.063139000
-0.256113000,0.157254000,0.937195000,0.037741000,0.122382000,0.011481000
-0.492668000,-0.800789000,0.380547000,0.024792000,0.040259000,-0.064591000
-0.230253000,-0.053791000,0.613076000,0.100142000,0.054768000,0.024701000
-0.453119000,-0.036720000,1.280949000,0.198142000,0.110751000,0.118889000
-0.681315000,0.061719000,1.366848000,0.231104000,0.060924000,0.355549000
-0.567196000,0.244093000,0.711813000,0.095684000,0.027868000,0.427456000
-0.480694000,0.121508000,0.906089000,0.117249000,0.043139000,0.249832000
-0.201704000,0.085406000,0.654759000,0.049394000,0.063439000,0.133236000
-0.013395000,0.005672000,0.043361000,0.021852000,-0.015864000,0.127012000
-0.435898000,0.184568000,1.402974000,0.071821000,0.173451000,0.062889000
-0.120384000,0.050973000,0.384736000,0.027548000,0.039284000,0.065654000
-0.205298000,0.086927000,0.653441000,0.052357000,0.060968000,0.144473000
-0.009748000,-0.097151000,-0.068930000,0.094930000,-0.073013000,0.260377000
-0.175563000,-0.225214000,0.195978000,0.018084000,0.015705000,0.019325000
-0.103066000,0.043721000,0.326559000,0.046549000,0.008356000,0.196916000
-0.071167000,0.030190000,0.225004000,0.030989000,0.006940000,0.128306000
-0.152482000,-0.104071000,0.315804000,0.111955000,0.004502000,0.026004000
-0.049909000,-0.123498000,0.016083000,0.084862000,-0.030277000,0.026278000
-0.239001000,-0.533753000,0.278841000,-0.001073000,-0.006487000,-0.088666000
0.121617000,-0.230238000,0.292932000,0.147935000,0.075166000,0.047918000
-0.034451000,-0.084959000,0.011378000,0.058431000,-0.020914000,0.018011000
-0.446296000,-0.400972000,0.689489000,0.032842000,0.089298000,-0.069620000
-0.419160000,-0.423679000,0.663908000,0.020263000,0.052642000,-0.078727000
-0.438080000,-0.250031000,1.059252000,0.065188000,0.179370000,-0.039387000
-0.772245000,-1.260025000,0.485314000,0.023197000,0.062953000,-0.198028000
-0.477439000,-0.320805000,1.602244000,0.086277000,0.233921000,-0.052260000
-0.419908000,-0.242945000,0.773701000,0.037099000,0.100475000,-0.047562000
-0.210528000,-0.003336000,0.545939000,0.071468000,0.060394000,-0.036285000
-0.220590000,0.020498000,1.342453000,0.118023000,0.183224000,0.026542000
-0.288953000,0.212393000,1.489404000,0.023395000,0.245630000,-0.040614000
-0.134868000,0.059136000,0.412272000,0.007766000,0.069863000,-0.066669000
0.079933000,-0.034916000,-0.032530000,0.001576000,0.002233000,0.003164000
-0.034333000,-0.081855000,0.011229000,0.057000000,-0.020266000,0.017354000
-0.022291000,-0.053159000,0.007342000,0.037015000,-0.013171000,0.011260000
-0.045153000,-0.107717000,0.014997000,0.074997000,-0.026714000,0.022790000
-0.018276000,-0.043615000,0.006119000,0.030364000,-0.010825000,0.009217000
-0.066816000,-0.159514000,0.022603000,0.111039000,-0.039638000,0.033663000
-0.034810000,-0.083146000,0.011922000,0.057871000,-0.020689000,0.017517000
0.000000000,0.000000000,0.000000000,0.000000000,0.000000000,0.000000000
-0.033650000,-0.080404000,0.011621000,0.055957000,-0.020025000,0.016918000
0.000000000,0.000000000,0.000000000,0.000000000,0.000000000,0.000000000
0.000000000,0.000000000,0.000000000,0.000000000,0.000000000,0.000000000
0.190381000,-0.083161000,-0.562759000,-0.027095000,-0.073223000,-0.004879000
0.124207000,-0.054256000,-0.368430000,-0.017724000,-0.047919000,-0.003174000
0.471560000,0.528279000,-0.529181000,0.033658000,-0.091810000,0.119367000
0.243482000,0.245636000,-0.301518000,0.028665000,-0.056010000,0.064518000
0.290169000,-0.378491000,-1.164499000,-0.055944000,-0.151225000,-0.041808000
0.980435000,0.846173000,-1.476703000,-0.070788000,-0.191560000,0.148779000
0.192503000,-0.082935000,-0.586971000,-0.028089000,-0.076079000,-0.004762000
0.406693000,-0.175214000,-1.731203000,-0.088717000,-0.240528000,-0.014801000
0.671978000,0.074244000,-1.655407000,-0.078880000,-0.214163000,0.033101000
0.555342000,-0.238728000,-1.752381000,-0.083278000,-0.226405000,-0.013252000
1.075224000,0.149376000,-2.695169000,-0.127646000,-0.347615000,0.057326000
0.747157000,-0.319994000,-1.822985000,-0.078558000,-0.214278000,-0.011730000
0.490660000,-0.210141000,-1.069513000,-0.043704000,-0.119320000,-0.006401000
0.495131000,-0.212057000,-1.011920000,-0.039892000,-0.108981000,-0.005763000
0.697809000,-0.298859000,-1.060578000,-0.034373000,-0.093954000,-0.004906000
0.678134000,-0.284958000,-0.699828000,0.002871000,0.012077000,0.009498000
0.467987000,-0.204781000,-1.310353000,-0.070895000,-0.197264000,-0.017173000
0.253339000,-0.108501000,-0.705560000,-0.030904000,-0.084586000,-0.004264000
0.550099000,-0.235598000,-0.514783000,0.003157000,-0.035218000,0.077306000
0.311807000,-0.133542000,-0.478470000,0.003420000,-0.066680000,0.134757000
0.538885000,0.243328000,-0.552853000,-0.005815000,-0.064256000,0.144832000
0.386024000,0.180783000,-0.893968000,-0.035145000,-0.123178000,0.089862000
0.353629000,0.283487000,-0.251465000,-0.006978000,-0.018762000,0.053051000
0.495358000,0.103047000,-1.339284000,-0.063089000,-0.169724000,0.030731000
0.184034000,0.014995000,-0.559545000,-0.079848000,-0.049664000,-0.020088000
0.273697000,0.037093000,-0.778071000,-0.036549000,-0.098507000,0.014371000
0.523310000,0.824577000,-0.452088000,-0.021220000,-0.057213000,0.127217000
0.225330000,0.428045000,-0.096470000,-0.004527000,-0.012206000,0.064406000
0.398282000,0.267238000,-0.852787000,-0.039989000,-0.107869000,0.049003000
0.396343000,0.188335000,-0.964778000,-0.037747000,-0.133022000,0.099928000
0.749244000,-0.160155000,-1.688175000,-0.068741000,-0.186029000,0.012715000
0.203520000,-0.084963000,-0.766220000,-0.035868000,-0.096602000,-0.004196000
0.129312000,0.021259000,0.356586000,-0.017888000,0.085382000,-0.010636000
0.194186000,-0.079085000,0.033611000,0.016409000,0.045965000,0.005227000
0.292349000,-0.127107000,0.977231000,0.053877000,0.140700000,-0.001968000
0.305597000,-0.127576000,0.299748000,0.030645000,0.082521000,0.003726000
0.424287000,-0.177126000,0.205472000,0.030316000,0.081606000,0.003729000
0.355248000,-0.228668000,-0.257231000,0.064273000,0.025938000,0.024719000
0.362758000,-0.151439000,-0.498168000,-0.013238000,-0.035582000,-0.001640000
0.283324000,-0.123846000,0.278502000,0.011528000,0.026260000,-0.007841000
0.602593000,-0.247585000,-0.455980000,0.012014000,0.035668000,0.008120000
0.511149000,-0.213387000,-0.236315000,0.013426000,0.016593000,0.038750000
-0.129471000,-0.645535000,0.317528000,0.024468000,0.065612000,-0.082874000
0.037820000,-0.266724000,-0.538526000,-0.082545000,-0.045457000,-0.064170000
0.007322000,-0.002682000,0.001371000,0.001618000,0.004674000,0.000857000
-0.064275000,-0.163653000,0.023497000,0.110742000,-0.040646000,0.034426000
0.000000000,0.000000000,0.000000000,0.000000000,0.000000000,0.000000000
0.000000000,0.000000000,0.000000000,0.000000000,0.000000000,0.000000000
0.000000000,0.000000000,0.000000000,0.000000000,0.000000000,0.000000000
0.030766000,0.078355000,-0.011295000,-0.053020000,0.019470000,-0.016473000
0.000000000,0.000000000,0.000000000,0.000000000,0.000000000,0.000000000
-0.032375000,-0.082454000,0.011889000,0.055793000,-0.020489000,0.017334000
-0.001639000,-0.004178000,0.000604000,0.002827000,-0.001039000,0.000878000
-0.071189000,-0.157363000,0.000000000,0.000000000,0.000000000,-0.022976000
-0.166015000,-0.374123000,0.008584000,0.039999000,-0.014702000,-0.033593000
0.000000000,0.000000000,0.000000000,0.000000000,0.000000000,0.000000000
-0.014609000,-0.037107000,0.005415000,0.025117000,-0.009237000,0.007791000
-0.024339000,-0.061842000,0.009065000,0.041857000,-0.015403000,0.012976000
-0.034057000,-0.086574000,0.012778000,0.058593000,-0.021580000,0.018147000
-0.021062000,-0.053564000,0.007957000,0.036249000,-0.013361000,0.011216000
-0.014057000,-0.035761000,0.005334000,0.024199000,-0.008925000,0.007484000
-0.032372000,-0.082386000,0.012354000,0.055749000,-0.020574000,0.017227000
0.144247000,0.305989000,0.012660000,0.056699000,-0.020945000,0.074454000
-0.034963000,-0.089339000,0.013597000,0.060419000,-0.022342000,0.018630000
0.000000000,0.000000000,0.000000000,0.000000000,0.000000000,0.000000000
0.186277000,0.410725000,0.000000000,0.000000000,0.000000000,0.059989000
0.130516000,0.277520000,0.012019000,0.053005000,-0.019620000,0.068293000
0.080213000,0.430716000,-0.251436000,-0.019006000,-0.050568000,0.054705000
0.000000000,0.000000000,0.000000000,0.000000000,0.000000000,0.000000000
-0.110592000,0.046105000,-0.288416000,-0.021805000,-0.058031000,-0.002624000
-0.101528000,0.036459000,-0.018633000,-0.022361000,-0.064517000,-0.012440000
0.000000000,0.000000000,0.000000000,0.000000000,0.000000000,0.000000000
-0.022916000,-0.059179000,0.009114000,0.039924000,-0.014781000,0.012256000
-0.132239000,0.059829000,-0.538641000,-0.024051000,-0.060016000,0.004994000
-0.109673000,0.045721000,-0.283486000,-0.021456000,-0.057118000,-0.002508000
0.017351000,-0.035997000,0.073354000,0.021964000,0.007823000,0.005761000
-0.026039000,-0.067368000,0.010449000,0.045418000,-0.016839000,0.013991000
0.000000000,0.000000000,0.000000000,0.000000000,0.000000000,0.000000000
0.000000000,0.000000000,0.000000000,0.000000000,0.000000000,0.000000000
0.000000000,0.000000000,0.000000000,0.000000000,0.000000000,0.000000000
0.000000000,0.000000000,0.000000000,0.000000000,0.000000000,0.000000000
0.000000000,0.000000000,0.000000000,0.000000000,0.000000000,0.000000000
0.000000000,0.000000000,0.000000000,0.000000000,0.000000000,0.000000000
0.152359000,-0.063518000,-0.584931000,-0.027441000,-0.073000000,-0.003173000
0.054602000,-0.022763000,-0.210372000,-0.009865000,-0.026248000,-0.001132000
0.081559000,-0.034001000,-0.314967000,-0.014766000,-0.039291000,-0.001686000
0.054365000,-0.022665000,-0.210444000,-0.009862000,-0.026249000,-0.001121000
0.000000000,0.000000000,0.000000000,0.000000000,0.000000000,0.000000000
0.000000000,0.000000000,0.000000000,0.000000000,0.000000000,0.000000000
0.103243000,-0.043041000,0.264788000,0.020069000,0.053409000,0.002285000
0.000000000,0.000000000,0.000000000,0.000000000,0.000000000,0.000000000
0.000000000,0.000000000,0.000000000,0.000000000,0.000000000,0.000000000
0.000000000,0.000000000,0.000000000,0.000000000,0.000000000,0.000000000
0.000000000,0.000000000,0.000000000,0.000000000,0.000000000,0.000000000
0.000000000,0.000000000,0.000000000,0.000000000,0.000000000,0.000000000
0.000000000,0.000000000,0.000000000,0.000000000,0.000000000,0.000000000
0.000000000,0.000000000,0.000000000,0.000000000,0.000000000,0.000000000
-0.161025000,-0.356364000,0.000000000,0.000000000,0.000000000,-0.052024000
0.000000000,0.000000000,0.000000000,0.000000000,0.000000000,0.000000000
0.194855000,0.431345000,0.000000000,0.000000000,0.000000000,0.062968000
0.000000000,0.000000000,0.000000000,0.000000000,0.000000000,0.000000000
0.000000000,0.000000000,0.000000000,0.000000000,0.000000000,0.000000000
0.153406000,-0.063920000,-0.093161000,0.001412000,0.003758000,0.000161000
0.239932000,-0.208672000,-0.263363000,0.059208000,-0.033715000,0.018995000
0.412239000,0.250675000,-0.264104000,0.043244000,-0.031049000,0.076267000
-0.071854000,-0.187185000,0.029739000,0.125997000,-0.046870000,0.038723000
0.050566000,-0.108730000,0.216589000,0.060686000,0.032268000,-0.033942000
0.031734000,-0.086627000,-0.207598000,0.032454000,-0.042962000,0.011928000
0.190575000,-0.310313000,0.407293000,0.153204000,0.004362000,0.034934000
0.088326000,-0.157183000,-0.226920000,0.074185000,-0.018555000,0.028811000
0.084052000,-0.128965000,0.310813000,0.077289000,0.039448000,0.019192000
0.119053000,-0.156282000,-0.037346000,0.065986000,-0.012911000,0.019323000
0.353723000,-0.231360000,0.121458000,0.072832000,0.044321000,0.017586000
-0.009211000,0.008577000,-0.028688000,-0.004897000,-0.004596000,-0.001080000
-0.067355000,-0.435543000,0.046607000,-0.007313000,-0.024218000,-0.066501000
0.087038000,-0.030725000,0.015763000,0.019096000,0.055054000,0.011385000
0.000000000,0.000000000,0.000000000,0.000000000,0.000000000,0.000000000
0.157909000,-0.151870000,0.018738000,0.058913000,0.004637000,0.016179000
0.100856000,-0.042011000,-0.392730000,-0.018452000,-0.048626000,-0.002092000
-0.029100000,0.012121000,0.113456000,0.005330000,0.014047000,0.000602000
-0.011147000,-0.234374000,-0.229145000,0.126475000,-0.084849000,0.040651000
-0.183155000,-0.153126000,-0.244200000,0.111981000,-0.106164000,0.037902000
-0.255397000,-0.134073000,-0.418685000,0.104758000,-0.144239000,0.038316000
-0.214111000,0.372526000,-0.596169000,0.024462000,-0.218832000,0.064478000
-0.235643000,0.033291000,0.553369000,0.080616000,0.092575000,0.028241000
-0.337284000,0.134797000,0.995875000,0.030699000,0.075770000,-0.005614000
-0.277910000,0.122172000,1.230845000,0.076382000,0.205408000,0.019476000
-0.414213000,0.172073000,0.918747000,0.035748000,0.093394000,0.003964000
-0.306484000,0.127319000,1.014421000,0.046509000,0.121452000,0.005243000
-0.218682000,0.055923000,0.276812000,0.027148000,0.010088000,0.006860000
-0.033644000,0.013977000,-0.088700000,-0.006812000,-0.017778000,-0.000775000
-0.027734000,-0.072812000,0.013301000,0.049109000,-0.018580000,0.014683000
-0.149884000,0.062265000,0.563011000,0.026857000,0.070032000,0.003060000
0.000000000,0.000000000,0.000000000,0.000000000,0.000000000,0.000000000
0.000000000,0.000000000,0.000000000,0.000000000,0.000000000,0.000000000
-0.435911000,-0.273435000,0.975726000,0.046586000,0.121428000,-0.050535000
-0.083975000,-0.097060000,0.171065000,0.084113000,-0.010458000,0.023759000
-0.474181000,0.211843000,1.198758000,0.042243000,0.134792000,0.003469000
-0.453327000,0.188840000,0.820762000,0.029100000,0.075689000,0.003476000
-0.511667000,0.213143000,1.687156000,0.079013000,0.205381000,0.009632000
-0.225314000,0.011165000,0.051649000,0.041813000,-0.035113000,0.013503000
-0.250236000,0.145060000,0.501645000,-0.020642000,0.022528000,-0.016072000
-0.218201000,0.090895000,-0.594291000,-0.045614000,-0.118561000,-0.005585000
-0.091482000,0.038109000,-0.248024000,-0.019042000,-0.049513000,-0.002303000
-0.133283000,0.061037000,-0.559463000,-0.026495000,-0.064608000,0.006029000
-0.271558000,0.105770000,-0.048038000,-0.032494000,-0.090291000,-0.016130000
-0.065963000,-0.354284000,0.003031000,0.018515000,0.052976000,-0.035601000
-0.111329000,0.046486000,-0.298872000,-0.016381000,-0.072139000,0.053258000
-0.106428000,0.044439000,-0.284821000,-0.021946000,-0.056933000,-0.002569000
0.000000000,0.000000000,0.000000000,0.000000000,0.000000000,0.000000000
-0.408161000,-0.886982000,0.000000000,0.000000000,0.000000000,-0.130921000
0.000000000,0.000000000,0.000000000,0.000000000,0.000000000,0.000000000
-0.113629000,0.047751000,-0.303424000,-0.023385000,-0.060680000,-0.002713000
0.000000000,0.000000000,0.000000000,0.000000000,0.000000000,0.000000000
-0.070099000,0.029458000,-0.186694000,-0.014390000,-0.037351000,-0.001657000
-0.069636000,0.029264000,0.253098000,0.012225000,0.031732000,0.001407000
-0.075901000,0.031896000,0.275242000,0.013300000,0.034514000,0.001539000
-0.097972000,-0.036882000,0.273171000,0.058012000,0.015423000,0.014954000
0.000000000,0.000000000,0.000000000,0.000000000,0.000000000,0.000000000
-0.027485000,-0.071239000,0.013313000,0.048166000,-0.018333000,0.014294000
0.015847000,0.041077000,-0.007685000,-0.027773000,0.010573000,-0.008240000
-0.023783000,-0.061654000,0.011544000,0.041686000,-0.015871000,0.012366000
-0.010025000,-0.025995000,0.004883000,0.017576000,-0.006694000,0.005210000
0.000000000,0.000000000,0.000000000,0.000000000,0.000000000,0.000000000
0.000000000,0.000000000,0.000000000,0.000000000,0.000000000,0.000000000
0.000000000,0.000000000,0.000000000,0.000000000,0.000000000,0.000000000
0.000000000,0.000000000,0.000000000,0.000000000,0.000000000,0.000000000
-0.174243000,-0.009543000,-0.378552000,0.017880000,-0.096718000,0.010794000
-0.204566000,0.093904000,-0.551804000,-0.047149000,-0.108383000,-0.006180000
-0.082666000,0.028911000,-0.015327000,-0.018274000,-0.052053000,-0.011753000
0.000000000,0.000000000,0.000000000,0.000000000,0.000000000,0.000000000
-0.032672000,0.020496000,-0.322350000,-0.005079000,-0.007681000,0.010705000
-0.099383000,0.008371000,-0.227468000,0.001398000,-0.054046000,0.003775000
-0.116982000,0.049160000,-0.307553000,-0.023786000,-0.061625000,-0.002609000
0.000000000,0.000000000,0.000000000,0.000000000,0.000000000,0.000000000
0.000000000,0.000000000,0.000000000,0.000000000,0.000000000,0.000000000
0.000000000,0.000000000,0.000000000,0.000000000,0.000000000,0.000000000
0.000000000,0.000000000,0.000000000,0.000000000,0.000000000,0.000000000
0.000000000,0.000000000,0.000000000,0.000000000,0.000000000,0.000000000
0.000000000,0.000000000,0.000000000,0.000000000,0.000000000,0.000000000
0.000000000,0.000000000,0.000000000,0.000000000,0.000000000,0.000000000
0.000000000,0.000000000,0.000000000,0.000000000,0.000000000,0.000000000
0.000000000,0.000000000,0.000000000,0.000000000,0.000000000,0.000000000
0.000000000,0.000000000,0.000000000,0.000000000,0.000000000,0.000000000
0.000000000,0.000000000,0.000000000,0.000000000,0.000000000,0.000000000
0.000000000,0.000000000,0.000000000,0.000000000,0.000000000,0.000000000
0.000000000,0.000000000,0.000000000,0.000000000,0.000000000,0.000000000
0.000000000,0.000000000,0.000000000,0.000000000,0.000000000,0.000000000
0.000000000,0.000000000,0.000000000,0.000000000,0.000000000,0.000000000
0.000000000,0.000000000,0.000000000,0.000000000,0.000000000,0.000000000
0.000000000,0.000000000,0.000000000,0.000000000,0.000000000,0.000000000
0.000000000,0.000000000,0.000000000,0.000000000,0.000000000,0.000000000
0.000000000,0.000000000,0.000000000,0.000000000,0.000000000,0.000000000
0.000000000,0.000000000,0.000000000,0.000000000,0.000000000,0.000000000
0.000000000,0.000000000,0.000000000,0.000000000,0.000000000,0.000000000
0.000000000,0.000000000,0.000000000,0.000000000,0.000000000,0.000000000
0.000000000,0.000000000,0.000000000,0.000000000,0.000000000,0.000000000
0.000000000,0.000000000,0.000000000,0.000000000,0.000000000,0.000000000
0.000000000,0.000000000,0.000000000,0.000000000,0.000000000,0.000000000
0.000000000,0.000000000,0.000000000,0.000000000,0.000000000,0.000000000
0.000000000,0.000000000,0.000000000,0.000000000,0.000000000,0.000000000
0.000000000,0.000000000,0.000000000,0.000000000,0.000000000,0.000000000
0.000000000,0.000000000,0.000000000,0.000000000,0.000000000,0.000000000
0.000000000,0.000000000,0.000000000,0.000000000,0.000000000,0.000000000
0.000000000,0.000000000,0.000000000,0.000000000,0.000000000,0.000000000
0.000000000,0.000000000,0.000000000,0.000000000,0.000000000,0.000000000
-0.026839000,-0.069914000,0.013245000,0.047161000,-0.017991000,0.014021000
0.000000000,0.000000000,0.000000000,0.000000000,0.000000000,0.000000000
-0.076327000,0.032075000,-0.200153000,-0.015493000,-0.040117000,-0.001681000
-0.137020000,0.057580000,-0.358252000,-0.027735000,-0.071838000,-0.002982000
-0.026783000,0.011255000,-0.069867000,-0.005410000,-0.014015000,-0.000577000
-0.216305000,0.090900000,-0.562388000,-0.043559000,-0.112868000,-0.004602000
0.000000000,0.000000000,0.000000000,0.000000000,0.000000000,0.000000000
-0.125670000,0.052810000,-0.325212000,-0.025197000,-0.065315000,-0.002624000
-0.112360000,0.012191000,-0.254375000,0.000152000,-0.060016000,0.003981000
-0.128045000,-0.022532000,-0.252260000,0.023724000,-0.070124000,0.011108000
0.000000000,0.000000000,0.000000000,0.000000000,0.000000000,0.000000000
0.000000000,0.000000000,0.000000000,0.000000000,0.000000000,0.000000000
0.000000000,0.000000000,0.000000000,0.000000000,0.000000000,0.000000000
-0.010476000,-0.027426000,0.005240000,0.018451000,-0.007049000,0.005501000
-0.023013000,-0.060271000,0.011551000,0.040547000,-0.015498000,0.012081000
0.251093000,0.529279000,0.014783000,0.051642000,-0.019754000,0.105327000
0.065754000,0.461967000,0.435291000,-0.010625000,0.068275000,0.046566000
0.306506000,0.771712000,0.148288000,0.007214000,0.018664000,0.112691000
-0.220088000,0.091335000,0.807880000,0.039322000,0.101715000,0.004048000
-0.111509000,0.046275000,0.407166000,0.019831000,0.051285000,0.002068000
-0.034607000,0.014361000,0.126075000,0.006143000,0.015882000,0.000644000
0.000000000,0.000000000,0.000000000,0.000000000,0.000000000,0.000000000
-0.073289000,0.030415000,0.266546000,0.012990000,0.033584000,0.001367000
0.000000000,0.000000000,0.000000000,0.000000000,0.000000000,0.000000000
-0.075435000,0.031304000,0.273709000,0.013343000,0.034491000,0.001413000
-0.158921000,0.146953000,-0.064036000,-0.058284000,-0.010862000,-0.015169000
-0.087664000,0.036380000,-0.227949000,-0.017675000,-0.045727000,-0.001867000
0.000000000,0.000000000,0.000000000,0.000000000,0.000000000,0.000000000
-0.014371000,0.005964000,-0.037317000,-0.002893000,-0.007487000,-0.000304000
-0.094972000,0.039412000,-0.246239000,-0.019097000,-0.049418000,-0.001998000
0.000000000,0.000000000,0.000000000,0.000000000,0.000000000,0.000000000
0.000000000,0.000000000,0.000000000,0.000000000,0.000000000,0.000000000
-0.166541000,-0.363211000,0.000000000,0.000000000,0.000000000,-0.053973000
0.000000000,0.000000000,0.000000000,0.000000000,0.000000000,0.000000000
0.000000000,0.000000000,0.000000000,0.000000000,0.000000000,0.000000000
0.000000000,0.000000000,0.000000000,0.000000000,0.000000000,0.000000000
0.000000000,0.000000000,0.000000000,0.000000000,0.000000000,0.000000000
0.023381000,0.061756000,-0.011795000,-0.041539000,0.015871000,-0.012357000
0.000000000,0.000000000,0.000000000,0.000000000,0.000000000,0.000000000
0.000000000,0.000000000,0.000000000,0.000000000,0.000000000,0.000000000
0.000000000,0.000000000,0.000000000,0.000000000,0.000000000,0.000000000
0.000000000,0.000000000,0.000000000,0.000000000,0.000000000,0.000000000
0.000000000,0.000000000,0.000000000,0.000000000,0.000000000,0.000000000
0.000000000,0.000000000,0.000000000,0.000000000,0.000000000,0.000000000
0.000000000,0.000000000,0.000000000,0.000000000,0.000000000,0.000000000
0.000000000,0.000000000,0.000000000,0.000000000,0.000000000,0.000000000
-0.071249000,0.029647000,0.258977000,0.012621000,0.032681000,0.001322000
-0.240152000,0.099926000,0.302145000,0.007912000,0.020485000,0.000833000
-0.122350000,0.050909000,0.431242000,0.020908000,0.054127000,0.002213000
0.159096000,0.405701000,0.081296000,0.003968000,0.010270000,0.059380000
0.006172000,0.013484000,0.000000000,0.000000000,0.000000000,0.002005000
0.000000000,0.000000000,0.000000000,0.000000000,0.000000000,0.000000000
-0.048328000,-0.388026000,0.283814000,0.021988000,0.056907000,-0.048640000
0.004682000,0.012350000,-0.002355000,-0.008315000,0.003176000,-0.002470000
-0.228427000,-0.497149000,0.000000000,0.000000000,0.000000000,-0.073969000
0.076309000,-0.423771000,0.158771000,0.001793000,-0.001599000,-0.060388000
-0.088662000,-0.444618000,0.018275000,0.022154000,0.063229000,-0.046636000
0.170102000,-0.071381000,-0.613900000,-0.029925000,-0.077446000,-0.003231000
0.204810000,-0.085947000,0.090242000,0.014424000,0.037332000,0.001552000
0.012116000,-0.010982000,-0.225662000,-0.026880000,-0.074457000,-0.012703000
0.076488000,-0.032098000,0.200333000,0.015511000,0.040170000,0.001660000
0.000000000,0.000000000,0.000000000,0.000000000,0.000000000,0.000000000
0.114937000,-0.048232000,-0.183762000,-0.006134000,-0.015886000,-0.000658000
0.000000000,0.000000000,0.000000000,0.000000000,0.000000000,0.000000000
0.000000000,0.000000000,0.000000000,0.000000000,0.000000000,0.000000000
0.000000000,0.000000000,0.000000000,0.000000000,0.000000000,0.000000000
0.000000000,0.000000000,0.000000000,0.000000000,0.000000000,0.000000000
0.000000000,0.000000000,0.000000000,0.000000000,0.000000000,0.000000000
0.000000000,0.000000000,0.000000000,0.000000000,0.000000000,0.000000000
0.000000000,0.000000000,0.000000000,0.000000000,0.000000000,0.000000000
0.078268000,-0.027266000,0.014173000,0.017237000,0.049222000,0.011140000
0.180274000,0.390337000,0.000000000,0.000000000,0.000000000,0.057983000
0.099973000,0.204588000,0.013631000,0.048043000,-0.018354000,0.055222000
0.068222000,0.148198000,0.000000000,0.000000000,0.000000000,0.022001000
0.000000000,0.000000000,0.000000000,0.000000000,0.000000000,0.000000000
0.028176000,0.074066000,-0.014155000,-0.049897000,0.019062000,-0.014805000
0.179270000,0.390331000,0.000000000,0.000000000,0.000000000,0.057926000
0.000000000,0.000000000,0.000000000,0.000000000,0.000000000,0.000000000
0.000000000,0.000000000,0.000000000,0.000000000,0.000000000,0.000000000
-0.026550000,-0.070004000,0.013371000,0.047143000,-0.018010000,0.013988000
0.081653000,-0.040339000,-0.302557000,-0.011077000,-0.039655000,-0.000486000
0.073385000,-0.030527000,-0.266723000,-0.012984000,-0.033586000,-0.001385000
0.180814000,-0.075214000,-0.659800000,-0.032101000,-0.083057000,-0.003390000
0.113266000,-0.047115000,-0.415239000,-0.020190000,-0.052253000,-0.002109000
-0.058615000,0.024382000,0.215073000,0.010456000,0.027062000,0.001090000
0.000000000,0.000000000,0.000000000,0.000000000,0.000000000,0.000000000
0.000000000,0.000000000,0.000000000,0.000000000,0.000000000,0.000000000
0.000000000,0.000000000,0.000000000,0.000000000,0.000000000,0.000000000
0.000000000,0.000000000,0.000000000,0.009204000,-0.019735000,0.088244000
0.000000000,0.000000000,0.000000000,0.004590000,-0.009873000,0.044119000
0.178951000,-0.074438000,-0.117897000,0.000727000,0.001870000,0.000076000
0.213976000,-0.089009000,0.213609000,0.022496000,0.057817000,0.002351000
0.143778000,-0.646917000,-0.508299000,-0.014533000,-0.037351000,-0.074459000
0.230113000,-0.435444000,-0.024231000,-0.030557000,0.057891000,-0.064035000
-0.019657000,-0.343544000,-0.431936000,-0.022879000,-0.053369000,-0.046758000
0.042062000,-0.017642000,-0.156055000,0.000855000,-0.037706000,0.080603000
0.211802000,-0.088838000,-0.789062000,-0.034170000,-0.108400000,0.039143000
-0.072683000,-0.190587000,0.036563000,0.128016000,-0.049597000,0.038000000
0.000000000,0.000000000,0.000000000,0.000000000,0.000000000,0.000000000
0.000000000,0.000000000,0.000000000,0.002076000,-0.004622000,0.020560000
0.080876000,-0.033923000,0.209040000,0.016436000,0.041899000,0.001665000
0.000000000,0.000000000,0.000000000,0.000000000,0.000000000,0.000000000
0.000000000,0.000000000,0.000000000,0.000000000,0.000000000,0.000000000
0.089573000,-0.086876000,0.282346000,0.050111000,0.043831000,0.010654000
0.003593000,-0.001507000,0.009326000,0.000733000,0.001868000,0.000075000
-0.016716000,-0.043839000,0.008510000,0.034066000,-0.021665000,0.053808000
0.066263000,-0.027794000,0.172156000,0.013568000,0.034465000,0.001389000
0.000000000,0.000000000,0.000000000,0.000000000,0.000000000,0.000000000
-0.019860000,-0.052082000,0.010146000,0.034993000,-0.013634000,0.010334000
-0.014613000,-0.038333000,0.007491000,0.025754000,-0.010040000,0.007601000
0.000000000,0.000000000,0.000000000,0.000000000,0.000000000,0.000000000
0.000000000,0.000000000,0.000000000,0.000000000,0.000000000,0.000000000
0.000000000,0.000000000,0.000000000,0.000000000,0.000000000,0.000000000
0.000000000,0.000000000,0.000000000,0.000000000,0.000000000,0.000000000
0.000000000,0.000000000,0.000000000,0.000000000,0.000000000,0.000000000
0.000000000,0.000000000,0.000000000,0.000000000,0.000000000,0.000000000
0.000000000,0.000000000,0.000000000,0.000000000,0.000000000,0.000000000
0.000000000,0.000000000,0.000000000,0.000000000,0.000000000,0.000000000
0.000000000,0.000000000,0.000000000,0.000000000,0.000000000,0.000000000
0.000000000,0.000000000,0.000000000,0.000000000,0.000000000,0.000000000
0.000000000,0.000000000,0.000000000,0.000000000,0.000000000,0.000000000
0.000000000,0.000000000,0.000000000,0.000000000,0.000000000,0.000000000
0.000000000,0.000000000,0.000000000,0.000000000,0.000000000,0.000000000
0.000000000,0.000000000,0.000000000,0.000000000,0.000000000,0.000000000
0.084298000,0.441377000,0.372658000,0.018351000,0.046570000,0.060899000
0.137849000,0.287303000,0.012634000,0.043282000,-0.016882000,0.064725000
0.000000000,0.000000000,0.000000000,0.000000000,0.000000000,0.000000000
0.031164000,0.082215000,-0.016106000,-0.055212000,0.021533000,-0.016276000
0.000000000,0.000000000,0.000000000,0.000000000,0.000000000,0.000000000
-0.104681000,0.043669000,0.387071000,0.019066000,0.048383000,0.001975000
-0.174497000,-0.362719000,0.022188000,0.003027000,-0.001472000,-0.035274000
0.000000000,0.000000000,0.000000000,0.000000000,0.000000000,0.000000000
-0.203283000,-0.439457000,0.000000000,0.000000000,0.000000000,-0.064974000
0.000000000,0.000000000,0.000000000,0.000000000,0.000000000,0.000000000
0.000000000,0.000000000,0.000000000,0.000000000,0.000000000,0.000000000
0.000000000,0.000000000,0.000000000,0.000000000,0.000000000,0.000000000
-0.217667000,0.091332000,-0.567364000,-0.044765000,-0.113504000,-0.004610000
0.014252000,-0.005980000,0.037045000,0.002923000,0.007414000,0.000298000
0.000000000,0.000000000,0.000000000,0.000000000,0.000000000,0.000000000
0.000000000,0.000000000,0.000000000,0.000000000,0.000000000,0.000000000
0.000000000,0.000000000,0.000000000,0.000000000,0.000000000,0.000000000
0.000000000,0.000000000,0.000000000,0.000000000,0.000000000,0.000000000
0.000000000,0.000000000,0.000000000,0.000000000,0.000000000,0.000000000
0.000000000,0.000000000,0.000000000,0.000000000,0.000000000,0.000000000
0.000000000,0.000000000,0.000000000,0.000000000,0.000000000,0.000000000
0.000000000,0.000000000,0.000000000,0.000000000,0.000000000,0.000000000
0.000000000,0.000000000,0.000000000,0.000000000,0.000000000,0.000000000
0.091141000,-0.038242000,0.237243000,0.018721000,0.047472000,0.001920000
0.000000000,0.000000000,0.000000000,0.000000000,0.000000000,0.000000000
0.000000000,0.000000000,0.000000000,0.000000000,0.000000000,0.000000000
0.000000000,0.000000000,0.000000000,0.000000000,0.000000000,0.000000000
-0.134988000,0.056641000,0.498580000,0.024594000,0.062352000,0.002545000
0.000000000,0.000000000,0.000000000,0.000000000,0.000000000,0.000000000
-0.432824000,-0.197313000,1.048205000,0.051751000,0.131154000,-0.041539000
-0.281981000,0.118592000,1.025725000,0.050703000,0.128430000,0.005447000
-0.552765000,-0.250717000,1.313872000,0.065036000,0.164636000,-0.052836000
-0.636869000,-0.398808000,1.945564000,0.104100000,0.263284000,-0.071072000
-0.446036000,0.188897000,1.563563000,0.077688000,0.196289000,0.009142000
-0.290228000,0.122912000,1.006596000,0.050096000,0.126480000,0.006035000
-0.326036000,-0.378487000,0.458083000,0.062699000,0.051632000,-0.098994000
-0.546712000,-0.193599000,1.301263000,0.064755000,0.163741000,-0.044977000
-0.173834000,0.074002000,0.590870000,0.019880000,0.092353000,-0.071725000
-0.369851000,0.157448000,1.247794000,0.055175000,0.169945000,-0.044962000
-0.055114000,0.023462000,0.184867000,0.000873000,0.038545000,-0.062516000
-0.254707000,-0.404666000,0.725918000,0.020678000,0.148866000,-0.225104000
-0.435229000,-0.808750000,0.725600000,0.030448000,0.133491000,-0.212288000
-0.491381000,-0.768525000,0.831298000,0.015225000,0.176637000,-0.346017000
-0.227160000,-0.408356000,0.835532000,-0.081716000,0.216984000,-0.540466000
-0.280549000,-0.690330000,1.328403000,0.033162000,0.297484000,-0.420180000
-0.433224000,-0.109661000,1.491631000,0.115349000,0.268541000,-0.156706000
-0.706590000,-0.313959000,1.646571000,0.082688000,0.197436000,-0.270162000
-0.106172000,0.046466000,1.732836000,0.089241000,0.283017000,-0.037675000
0.021127000,0.073952000,2.110778000,0.038140000,0.417591000,-0.218187000
0.162151000,0.665010000,2.451106000,0.079780000,0.521235000,-0.275214000
0.063446000,0.510753000,2.166484000,0.065019000,0.421181000,-0.216527000
-0.244015000,0.094458000,2.259027000,0.033157000,0.352381000,-0.332269000
0.394103000,0.502472000,2.143666000,0.105137000,0.472401000,-0.067085000
0.149135000,0.480624000,2.088658000,0.139394000,0.357086000,-0.020602000
0.130520000,-0.066079000,1.763273000,0.016792000,0.323985000,-0.318172000
0.235397000,-0.095132000,1.868744000,0.030517000,0.488461000,-0.396215000
0.182773000,-0.084342000,0.924732000,-0.017640000,0.210305000,-0.285328000
-0.073885000,-0.933327000,1.556561000,0.089954000,0.347923000,-0.152908000
-0.157242000,-1.016404000,1.046011000,0.065380000,0.206297000,-0.119961000
-0.077288000,-0.563407000,0.344816000,0.036098000,0.115758000,-0.056273000
-0.360263000,-0.743963000,0.000000000,0.000000000,0.000000000,-0.111956000
-0.611101000,-1.262563000,0.015413000,0.054895000,-0.016506000,-0.162858000
-0.618699000,-1.258499000,0.000000000,0.000000000,0.000000000,-0.189936000
-0.677740000,-1.124002000,0.431935000,0.008123000,0.023605000,-0.183997000
-0.627688000,-0.411483000,0.950913000,0.039191000,0.123215000,-0.076779000
-0.564020000,-0.172217000,1.067333000,0.044079000,0.138426000,-0.042535000
-0.331511000,-0.083630000,0.781430000,0.034093000,0.106947000,-0.020872000
-0.224583000,0.102216000,0.997658000,0.046303000,0.145089000,0.011127000
-0.519477000,-0.239445000,0.912590000,0.120494000,0.090372000,-0.008868000
-0.372882000,0.207946000,0.743946000,0.019058000,0.128254000,0.013260000
-0.793007000,-0.369862000,0.654592000,0.005424000,0.015266000,-0.099982000
-0.127629000,-0.419690000,0.023531000,0.014635000,0.046992000,-0.047081000
-0.254488000,0.149190000,0.710497000,0.029703000,0.092574000,0.011349000
-0.105144000,0.048272000,-0.438279000,-0.027562000,-0.085899000,-0.006811000
-0.112828000,-0.028531000,-0.330961000,-0.020807000,-0.064891000,-0.015085000
-0.172128000,-0.339700000,0.000000000,0.000000000,0.000000000,-0.051967000
0.003230000,0.006366000,0.000000000,0.000000000,0.000000000,0.000974000
0.000000000,0.000000000,0.000000000,0.000000000,0.000000000,0.000000000
0.000000000,0.000000000,0.000000000,0.000000000,0.000000000,0.000000000
0.000000000,0.000000000,0.000000000,0.000000000,0.000000000,0.000000000
0.117649000,-0.059194000,0.733145000,0.034238000,0.105592000,0.000048000
0.136546000,-0.051336000,0.010008000,0.027790000,0.089219000,0.026073000
0.042148000,-0.018278000,0.121803000,0.010315000,0.032351000,0.004435000
0.331339000,-0.160055000,0.356289000,0.016165000,0.048624000,-0.008447000
0.089048000,-0.037415000,0.200562000,0.021080000,0.066329000,0.011239000
0.238861000,-0.109969000,-0.267133000,-0.017440000,-0.008651000,-0.045467000
0.168659000,-0.077649000,-0.105941000,0.000000000,0.000000000,0.000000000
-0.127557000,-0.523279000,-0.059226000,-0.019433000,0.022590000,-0.151635000
0.237644000,-0.109771000,-0.632004000,-0.026221000,-0.082170000,-0.006571000
-0.053714000,-0.452761000,-0.382088000,-0.027260000,-0.037820000,-0.108756000
0.000000000,0.000000000,0.000000000,0.000000000,0.000000000,0.000000000
0.000000000,0.000000000,0.000000000,0.000000000,0.000000000,0.000000000
0.000000000,0.000000000,0.000000000,0.000000000,0.000000000,0.000000000
0.164656000,-0.076262000,-0.440820000,-0.018207000,-0.057278000,-0.004530000
-0.002672000,0.001238000,0.007166000,0.000295000,0.000931000,0.000073000
0.000000000,0.000000000,0.000000000,0.000000000,0.000000000,0.000000000
0.000000000,0.000000000,0.000000000,0.000000000,0.000000000,0.000000000
0.000000000,0.000000000,0.000000000,0.000000000,0.000000000,0.000000000
0.000000000,0.000000000,0.000000000,-0.016348000,0.016946000,-0.065796000
-0.173949000,-0.340764000,0.000000000,0.000000000,0.000000000,-0.051967000
-0.010204000,-0.011892000,-0.015247000,-0.063448000,0.025571000,-0.065742000
-0.101896000,-0.371299000,0.297954000,0.012670000,0.066363000,-0.080423000
-0.407218000,-0.840512000,0.082950000,-0.005135000,0.026778000,-0.166590000
-0.168275000,-0.026842000,0.707129000,0.026626000,0.114275000,-0.032465000
-0.098631000,-0.562842000,0.658298000,0.040570000,0.129098000,-0.064653000
-0.299809000,-0.378895000,0.623869000,0.030679000,0.097519000,-0.056102000
-0.412318000,-0.830351000,-0.053298000,-0.002984000,-0.009549000,-0.127253000
-0.648007000,-0.392358000,0.940949000,0.038543000,0.122400000,-0.076086000
-0.206062000,0.098104000,0.543605000,0.053912000,0.039210000,0.127714000
-0.378673000,0.180280000,1.203570000,0.050994000,0.166854000,0.007720000
-0.331134000,0.073305000,1.109381000,0.101054000,0.140452000,0.027946000
-0.405370000,0.192991000,1.270433000,0.055799000,0.174857000,0.014819000
-0.131712000,0.062706000,0.659415000,0.031742000,0.099333000,0.008504000
-0.175618000,0.083609000,0.646980000,0.029636000,0.092649000,0.007987000
0.000000000,0.000000000,0.000000000,0.000000000,0.000000000,0.000000000
-0.288097000,0.137159000,1.058869000,0.048627000,0.151832000,0.013206000
-0.201341000,0.000185000,0.432936000,0.094077000,0.019507000,0.087742000
-0.298999000,0.140769000,1.345346000,0.065675000,0.200273000,0.018064000
-0.569278000,0.268414000,2.372962000,0.124331000,0.319048000,0.083079000
-0.636341000,0.113220000,1.835670000,0.233732000,0.185869000,0.178137000
-0.260842000,0.034966000,1.656145000,0.180229000,0.207062000,0.176725000
-0.580266000,-0.399935000,1.470492000,0.115380000,0.186466000,0.076391000
-0.622696000,-0.572018000,0.413835000,0.079758000,-0.015712000,0.117265000
0.099395000,0.068043000,0.571301000,0.088351000,0.011045000,0.232098000
-0.176209000,0.084559000,0.826137000,0.147799000,0.024774000,0.369620000
-0.666072000,-0.879988000,0.377535000,0.090273000,-0.021514000,0.105679000
-0.388303000,-0.352456000,1.049234000,0.077558000,0.147707000,0.012486000
-0.801730000,-0.933081000,0.418711000,0.037740000,0.028445000,-0.089652000
-1.005806000,-0.992427000,0.877136000,0.062140000,0.094190000,-0.101551000
-0.835460000,-1.534579000,0.000000000,0.000000000,0.000000000,-0.240871000
-1.033117000,-1.045839000,0.847217000,0.057780000,0.093451000,-0.121797000
-1.109187000,-1.069632000,0.947526000,0.068884000,0.100744000,-0.108247000
-1.106019000,-0.839209000,0.734525000,0.115738000,0.077286000,-0.055540000
-1.206498000,-0.540455000,1.048245000,0.048253000,0.050460000,-0.071972000
-0.999444000,-0.626313000,0.367393000,0.062923000,0.036053000,0.001155000
-0.459339000,0.286277000,0.122416000,0.035088000,-0.128112000,0.190813000
-0.796545000,-0.089610000,-0.085278000,0.064259000,-0.161540000,0.236167000
-1.079915000,-0.094624000,0.813469000,0.079256000,0.009266000,0.110334000
-0.911532000,0.054726000,0.150875000,-0.051758000,-0.039638000,-0.023986000
-1.094401000,-0.386250000,0.607686000,0.038152000,0.023530000,-0.063906000
-0.639782000,-0.091807000,1.026463000,0.078283000,0.109323000,0.048663000
-1.090503000,-0.313015000,0.916879000,0.051723000,0.130952000,-0.084930000
-1.343638000,0.072770000,0.824317000,0.073732000,0.019556000,-0.046717000
-0.867107000,0.433861000,1.163426000,0.048211000,0.122591000,0.011601000
-1.941390000,-0.428242000,1.345098000,-0.023732000,0.108590000,-0.207339000
-1.932886000,-0.044162000,1.639683000,0.034410000,0.222311000,-0.120180000
-2.030218000,0.120093000,1.615645000,-0.037378000,0.133898000,-0.156511000
-2.733818000,0.304283000,2.759350000,0.111781000,0.291981000,-0.131885000
-2.693131000,1.005111000,2.865927000,0.115640000,0.291899000,-0.021104000
-3.333755000,1.039633000,3.774975000,0.175468000,0.437895000,-0.148467000
-3.528118000,2.013704000,4.318612000,0.119363000,0.523083000,-0.010502000
-3.336127000,3.351112000,4.428538000,0.149119000,0.523735000,0.141100000
-3.040359000,3.431219000,4.027426000,0.103648000,0.486137000,0.213216000
-4.216344000,4.893795000,5.264522000,-0.000955000,0.690152000,0.278491000
-4.776402000,5.975137000,5.772115000,0.119606000,0.713799000,0.509106000
-4.038963000,5.626524000,4.741014000,0.074586000,0.609142000,0.510703000
-5.651313000,7.566521000,5.977020000,0.109312000,0.781098000,0.706020000
-6.197964000,8.326019000,5.740422000,-0.088972000,0.843175000,0.716119000
-7.269560000,7.746779000,5.066602000,-0.167847000,0.783547000,0.552006000
-7.742250000,8.378102000,4.537150000,-0.204827000,0.748719000,0.639024000
-8.524910000,8.206632000,3.878571000,-0.328129000,0.736309000,0.521350000
-7.333615000,6.495592000,2.418062000,-0.315591000,0.525783000,0.382433000
-10.320060000,6.828439000,2.317614000,-0.476220000,0.633918000,0.110594000
-10.736841000,6.363935000,1.075127000,-0.562606000,0.504187000,0.004384000
-11.377775000,5.929649000,0.056688000,-0.548692000,0.386920000,0.012439000
-9.104681000,4.558767000,-0.931411000,-0.435868000,0.197499000,-0.127822000
-11.645390000,5.969663000,-1.845915000,-0.455330000,0.192004000,-0.060830000
-11.611669000,6.277736000,-2.836289000,-0.424740000,0.106747000,0.045536000
-11.298039000,6.278182000,-0.296028000,0.144746000,1.057268000,0.437687000
-10.929825000,6.308410000,-3.591005000,0.104627000,0.800044000,0.530650000
-10.463740000,6.149901000,-3.831407000,0.583320000,1.184113000,0.982686000
-7.751775000,5.429395000,-6.226969000,0.199427000,0.738497000,0.849705000
-9.521128000,6.211974000,-4.260959000,0.616035000,1.914411000,-358.910484000
-8.977660000,6.126044000,-4.530504000,0.508974000,2.292457000,1.063928000
-7.324124000,4.935665000,-4.093334000,-0.003973000,1.755142000,0.448746000
-13.695361000,7.310209000,-2.825829000,0.553195000,2.994086000,1.014793000
-9.268159000,5.251504000,-6.345063000,-0.248723000,1.424377000,0.371871000
-7.062249000,3.644632000,-4.909780000,-0.462570000,1.304007000,-0.250295000
-8.763281000,4.058528000,-6.691373000,-0.319238000,0.947584000,0.070852000
-8.365713000,3.577696000,-6.801784000,-0.569099000,0.722880000,-0.272038000
-8.060223000,3.119712000,-6.639402000,-0.625895000,0.571371000,-0.401398000
-7.687918000,2.717412000,-6.445417000,-0.416175000,0.328368000,-0.213004000
-6.976571000,2.290068000,-6.257833000,-0.803286000,0.449111000,-0.828885000
-4.860649000,1.622118000,-4.632578000,-0.177022000,0.429377000,-0.058068000
-5.417466000,1.877587000,-5.589561000,-0.095615000,0.600830000,0.140648000
-5.179333000,1.749893000,-5.594298000,0.042747000,0.544900000,0.318549000
-3.785984000,1.189577000,-4.429118000,0.153795000,0.522786000,0.311701000
-4.017919000,1.196347000,-5.030746000,0.548972000,0.974319000,0.699976000
-3.255428000,0.943993000,-4.313440000,0.741499000,1.460602000,0.769085000
-2.415713000,0.915068000,-4.511259000,0.600898000,1.514901000,0.723407000
-1.894398000,1.152205000,-5.126165000,0.075769000,1.356707000,0.419396000
-1.466166000,1.183541000,-5.225913000,-0.276354000,1.235421000,0.109244000
-0.939245000,0.219037000,-3.913316000,0.538661000,0.880190000,0.455220000
-1.132090000,0.151736000,-4.813945000,0.577949000,0.897564000,0.321035000
-1.274012000,0.237664000,-4.457034000,0.436940000,0.803237000,0.248349000
-1.177029000,0.222694000,-3.134053000,0.414571000,0.590552000,0.267864000
-1.783303000,0.304251000,-3.955855000,0.376509000,0.517950000,0.121192000
-2.039348000,0.395317000,-4.112919000,0.300120000,0.400843000,0.085382000
-2.150837000,0.475995000,-4.093034000,0.343254000,0.445876000,0.205009000
-2.318564000,0.448123000,-3.996891000,0.204834000,0.423284000,-0.113959000
-1.763701000,0.357090000,-3.863297000,-0.083863000,0.308620000,-0.345894000
-0.713902000,0.571893000,-2.888713000,-0.986039000,0.200960000,-0.961001000
-0.433575000,0.012938000,-4.124993000,-0.946314000,-0.389022000,-1.139305000
0.275650000,0.265616000,-4.773274000,-1.437154000,-0.917617000,-1.400250000
0.472548000,-0.031900000,-4.261323000,-1.068785000,-1.019339000,-1.190536000
0.487430000,-0.155271000,-5.588157000,-1.052117000,-1.511723000,-1.250092000
0.196248000,-0.162299000,-5.532626000,-0.759572000,-1.531764000,359.005408000
0.016336000,0.260554000,-4.014865000,-0.962463000,-1.160497000,-0.979770000
0.146400000,0.304592000,-3.492846000,-0.856349000,-0.904578000,-0.908315000
0.439560000,0.202210000,-1.404349000,-0.039396000,-0.250370000,0.047652000
0.638244000,0.204423000,-0.805731000,-0.059329000,0.162029000,0.006891000
0.288741000,0.147189000,-1.513117000,-0.243102000,-0.246325000,-0.291486000
0.347038000,0.209875000,-2.567065000,-0.129590000,-0.521347000,0.085522000
-0.308706000,0.566932000,-2.529450000,-0.296488000,-0.979892000,0.178584000
-0.828768000,0.726741000,-1.857973000,-0.191762000,-1.164336000,0.475923000
-0.667928000,0.754326000,0.164532000,-0.146954000,-0.509255000,0.329096000
-0.040810000,0.359265000,0.321478000,0.493176000,-0.062173000,0.937218000
-0.281257000,0.549701000,-0.479693000,-0.152119000,-0.375411000,0.361280000
-0.413159000,0.362432000,-0.569973000,-0.157810000,-0.451966000,-359.750286000
-0.391505000,0.223719000,-0.514193000,-0.251029000,-0.395016000,-0.107934000
-0.705887000,0.373487000,-0.907510000,-0.559081000,-0.688159000,359.574570000
-1.024413000,0.502172000,-1.265079000,-0.704378000,-0.985712000,-0.524113000
-0.737523000,0.516061000,-0.651703000,-0.567564000,-0.649240000,-0.353758000
-0.347352000,0.343052000,-0.443527000,-0.687191000,-0.304796000,-0.649834000
-0.008988000,0.081174000,0.090214000,-0.546226000,0.065617000,-0.685128000
0.001977000,-0.026706000,0.000000000,-0.559006000,0.054294000,-0.844691000
0.024638000,0.013476000,0.006431000,-0.504281000,0.050045000,-0.801697000
0.001106000,0.003918000,0.000351000,-0.254395000,0.021136000,-0.344091000
0.029300000,0.103826000,0.009367000,-0.251907000,0.027651000,-0.252667000
0.000000000,0.000000000,0.000000000,-0.070725000,0.005304000,-0.096555000
-0.006189000,0.076000000,0.000000000,-0.161923000,0.011834000,0.005802000
-0.001660000,0.019769000,0.000000000,-0.092258000,0.006549000,-0.066901000
-0.000793000,0.009366000,0.000000000,-0.115920000,0.008030000,-0.130234000
0.000000000,0.000000000,0.000000000,-0.047268000,0.003211000,-0.064500000
0.000000000,0.000000000,0.000000000,0.000000000,0.000000000,0.000000000
0.000000000,0.000000000,0.000000000,0.000000000,0.000000000,0.000000000
0.000000000,0.000000000,0.000000000,0.000000000,0.000000000,0.000000000
0.000000000,0.000000000,0.000000000,0.000000000,0.000000000,0.000000000
0.000000000,0.000000000,0.000000000,0.000000000,0.000000000,0.000000000
0.001611000,-0.019077000,0.000000000,0.000000000,0.000000000,-0.056952000
0.000000000,0.000000000,0.000000000,0.000000000,0.000000000,0.000000000
0.000000000,0.000000000,0.000000000,0.000000000,0.000000000,0.000000000
-0.002181000,0.025774000,0.000000000,0.000000000,0.000000000,0.076948000
-0.002303000,0.026770000,0.000000000,0.000000000,0.000000000,0.079928000
-0.020382000,-0.071673000,-0.006649000,0.077037000,-0.010980000,0.046384000
0.000000000,0.000000000,0.000000000,0.000000000,0.000000000,0.000000000
0.000000000,0.000000000,0.000000000,0.000000000,0.000000000,0.000000000
0.001956000,-0.023731000,0.000000000,0.000000000,0.000000000,-0.070932000
-0.019267000,-0.093806000,-0.006705000,0.078509000,-0.011233000,-0.014854000
0.000000000,0.000000000,0.000000000,0.000000000,0.000000000,0.000000000
-0.001815000,0.023382000,0.000000000,0.000000000,0.000000000,0.069958000
-0.003393000,0.042755000,0.000000000,0.000000000,0.000000000,0.127941000
-0.000134000,0.001666000,0.000000000,0.000000000,0.000000000,0.004985000
-0.001189000,0.014684000,0.000000000,0.000000000,0.000000000,0.043946000
0.000000000,0.000000000,0.000000000,0.000000000,0.000000000,0.000000000
0.000000000,0.000000000,0.000000000,0.000000000,0.000000000,0.000000000
0.000000000,0.000000000,0.000000000,0.000000000,0.000000000,0.000000000
0.000000000,0.000000000,0.000000000,0.000000000,0.000000000,0.000000000
0.007911000,-0.100528000,0.000000000,0.000000000,0.000000000,-0.300803000
0.001714000,-0.022715000,0.000000000,0.000000000,0.000000000,-0.067953000
